5000
383100999
858300821
357768173
455528251
133005921
116285904
591987137
102557902
689413528
585691128
789708827
477528897
471709721
433228053
94737806
738562773
1390825938
320971712
63710857
1886550712
1407500761
1133106595
1086319404
1966433342
403909323
255885579
124761827
1546035286
1369096065
1891602243
884891277
1752197064
602419417
1242659451
60241667
735425338
1358945355
652228804
837983241
2048358883
1237919932
1627692068
378404132
1709629653
2060920121
473141938
300708778
1304262411
794113650
364419635
1043329475
54130763
1497526230
2129648879
2020564105
1901435553
238050811
2145325932
1299987191
1607146876
1889444528
37394821
1211860292
344380297
1280054272
1272101959
1079805635
491515979
1924330763
1917788876
392391214
1014767047
1397997296
770795346
576913052
1311433769
1243937284
877621830
468212532
2038050934
1242041465
1511542008
2092181698
592084048
1493707239
1965262155
346035953
1731758050
1963104440
1646023145
1191421278
1705065320
1683417966
255797922
2049445617
815988590
1527899881
981767604
1307504569
1304746996
752072833
1699895783
172030395
2586481
323207481
748943447
1314020251
1567144765
1626565277
1782232783
1457712051
721123095
1146291143
1402410101
1313207143
492514735
1220188609
1659243096
76789137
1035809401
1157782593
1268210416
593391073
693716911
1524008338
495353042
1509705501
904424572
1477120646
669726422
61687920
81709831
222138557
233718316
84296313
545346038
982661763
1398316564
2112490803
461743393
1033065699
1422719207
1182866488
31873195
677645660
348589983
524387930
1897834269
2007833079
601177067
786160022
1018132025
1869387483
1379551095
1711848936
1245912174
1874904137
1074070790
2853098
1204541136
1743797212
64541018
1286250967
1965935770
298259334
1370547280
363798160
1280921098
621380196
328805316
1742664491
1654445896
1751524523
778047331
1686319091
281686535
1126637314
63223373
32037157
986986745
664400440
818197179
2005118770
386304276
50264627
1569484059
1632216450
1925168764
496071201
1635069548
982226252
92384765
1699610566
120993572
2058320535
1997869901
1491540852
274635048
1131307351
2112921049
603440364
726488194
1619883297
207481239
1504535525
1158718740
489167774
483689191
1221942113
521204931
1470675936
1886342553
1339402111
1328311059
125163181
1389666738
750311470
1757379631
1167351854
1246382671
1244965531
2094459
1338767436
797092450
123088031
1249604324
647478703
1614628883
1524239372
1778786054
1580066284
2127679736
357790600
1052465933
187677327
1862326125
63701025
676845101
198531668
1285643138
1198050033
1669207604
1024502044
389968496
850035015
1149665225
1779635234
1600346485
759561209
799503440
699245508
2004526740
801597899
2038012945
654135542
924685930
1140133621
1301614245
391831166
516889345
932916651
1971897450
497085433
1290707251
876879736
684762760
1005549728
940580761
1361607861
1204081396
78740252
412174246
725805353
1103242296
802142742
1575840368
105423873
434294328
1028703206
864985082
1233797769
1727948714
722028175
2035395668
1618478011
1376163717
812597951
611127984
530294315
1204429117
1128017329
1463210966
1028842919
1625102762
606434570
1905722655
162381874
1611984298
698819769
1523989736
668582047
777560021
1936163982
1394387400
1880802317
590823077
822744120
1986226190
1025117405
1851447326
703727625
111431526
1431912393
1425755800
2146827195
902906756
654435869
811941498
1514034741
1184730184
2016370615
494568422
500457503
897729886
2119671185
1106892073
655968894
134569411
571392723
1354788663
1658559147
1239974770
2132348684
1447239482
486878522
1865667353
2038062559
1309622643
1704409895
915696316
1013586321
260653872
1027127843
298015066
1686409672
1026471390
1200921823
193361894
1838412888
567472916
1378092078
1707299855
1062041338
1878549581
457546093
1034228875
837958006
1113514987
1168798287
1409350730
320820002
679873786
501841852
305685038
2127113268
988720375
23868743
2017692179
150859370
1728278639
785904848
1164445691
1988932511
1813032691
1462460758
1527858536
692020433
515898933
1721220430
382949673
1083371849
951828860
2090249528
2145413187
682894794
400311973
1032158415
1520852800
1513826961
53473054
782719882
1834646963
733346840
1284561735
2140332002
712976461
125798462
16717097
583184992
276657832
1744995736
1369089840
1441103523
1586444600
1034638883
756080633
966819488
1726659316
1271979566
540556270
2109608989
207867767
1492385130
2052374869
205797307
27796276
305203195
1237955722
1548649077
1819030156
1291428776
183885311
1506193471
2024775616
1468447046
1499041825
590268429
1594245508
1515758923
1173453422
1870903340
1113271011
395059614
1164523216
552231963
1429698498
1920603849
1519051451
1008874166
1045099768
2059607721
970999508
1252967535
1404509204
875890729
1458764842
1432305480
1181093924
549236916
833470909
852640432
1840665692
1017356221
211350256
1717957661
338319619
1710392081
160742442
1932565128
1078667356
1334195864
1655984820
44454720
1729255479
673024388
596686683
1011470329
446144590
2115738135
2020344495
1491244358
2027862208
843860355
596728245
1284887764
1719751085
2055493088
569709597
753361361
457246356
1403180506
1606001794
150428401
273053079
1817352050
1868386062
611372699
1380260483
2029128504
396454179
311444192
1215840721
2052438999
355898912
797612552
577979740
952585595
1809082881
1024124330
920840082
1681943728
367885040
801218643
378320436
964613285
2086106407
2098071521
872622725
508332356
703949234
1329869082
1911512863
162467380
1480297483
37082294
1979819430
1201199897
648454993
1212596266
1082844753
1044909172
1524040458
151201826
949864524
1879939370
948814378
1527844264
685041317
610413611
404484946
1605881400
144873692
772369986
259616395
523194128
1736983271
198239154
473782001
462122349
706571511
1177731235
1791991431
470600726
1340198616
1124805266
507683020
1172534398
178521515
1156138014
237647016
1261366268
53563538
1761687474
1412568095
1003428062
1494143196
213898825
383788678
31700866
824312437
788273624
1637582266
969186129
1560643610
1897198661
1492380257
1150143234
2095437815
1966162258
1612265583
654525678
996409845
1256773366
1125126404
189124813
234094984
1632809425
1361659212
412616499
641463791
1599306228
1673982767
695027329
1213510055
939067214
1698455392
560169603
1152966040
2082244070
591870469
1977278477
723034047
81969087
798980958
136194009
1979167748
143877567
1286337243
1927121916
2110039825
751119178
434163946
958966022
2007892544
1559290351
1148090836
94503880
1044616128
362266400
507120379
1686079919
1961572628
33619499
233623600
1027599035
972686713
1932078992
1587768639
2125652753
1866839415
32155460
1955447582
442389814
114124548
606944892
578583823
2093292296
750822459
1864921067
1872930564
713378636
468556597
159610863
1672344659
328965494
1718901214
672951847
423469374
616033694
1035218247
930589754
154629965
849307227
964209253
388253565
1876906263
1936895966
172848910
1317191254
1915065072
2039688325
1349346714
1723029006
334594491
1463471262
182490251
913178314
1409279911
933312710
630615733
1134726827
1646691347
1099172331
1294337690
1171552358
1428137825
865755256
1844504205
1851607199
1481788950
732238804
634713305
1636418915
1581546031
1598922558
2024672481
1310968646
1388334877
50037743
480676252
1155916301
2089726068
1830022967
731461659
276836911
1146010581
913951910
1190015225
407806844
1847264621
1820630959
1542533672
1346472320
772319642
689387714
370541030
52973819
1555142971
67561587
1904581018
889448273
799800391
391810676
378383541
233862774
1990733234
255572374
1544831421
1231584463
305610117
2025507673
240017116
247852537
1708046992
971478776
524689448
706573926
1885430686
1714704673
1114380770
1585211659
1387851984
509430794
784200331
12687978
1198818509
1154741361
65661797
606477832
1222302948
1970242816
1495926105
2022103339
214569844
1874309646
108482466
57819430
2129882020
1653313887
1289403894
288008489
1531337912
1529421010
535861026
1091901257
353416138
1060550474
1798475183
91363177
627771500
765372305
1676574836
2015623484
1274803100
313291520
2028311463
326137961
1468032881
2093973260
932615793
542852182
1916732428
281058250
417471873
2131302272
7884249
525954339
41638055
2137766269
31784578
1331041949
278291111
1563122491
712979311
814152137
507540100
1066395450
1874702612
158531635
1157758627
354990464
923903940
686849815
223130300
51223392
1000141335
103958115
377361353
320690569
50447728
1309977146
863542751
1967180156
1591035397
1281014624
1950998781
1598919646
1806968964
1992636836
1589202267
1838753542
1176195137
1867493378
1254392385
1889174448
534161868
1761932485
808086250
261380832
1920464120
1965844877
616371296
696884413
505211045
839501596
748107805
1505352380
943459712
1125469159
1826042949
993907440
287962657
542102052
813603948
1878998054
1823116677
617119081
1330434052
1482601993
462272269
772152672
1173871887
1638467406
492162402
280780625
1380158207
1026324270
2042713110
40760809
1287705102
1815693583
2006605687
1904076398
365094348
364333084
596094347
1113202153
1869685464
1539554059
91187664
1548244766
385977851
379150322
2090346818
1199581799
110664728
1765979847
1816700881
1441098781
1101098192
131489502
65767805
127486432
1769956909
557930207
408267057
1002631468
1584254478
303496519
1043392277
724475932
2119190102
902514316
481068683
336800802
1266847400
1077163030
1450002956
989049217
469233441
1541190620
389810335
855211292
1920340942
332673505
2054793091
2031005671
2098653353
1724010324
1324620804
1052267897
1855499827
1390388609
1179754329
1477973088
1948318816
1588021386
333120908
1385089646
1891517906
1376513185
2109565579
1863224360
131543854
443150614
52541515
1398391254
1520313644
1502544471
239956823
1989547085
896251443
629767158
697274729
669108738
962440664
604584172
552630761
913610369
181110849
1877251565
1965878266
2036610676
1120156526
998148948
1367100116
920991694
438686686
1700221024
158597693
182720944
929250561
120679624
2045945305
1060794415
563830238
2098486820
311702022
2084143882
1453547643
551658845
1926207319
202315438
1181426004
475998400
871424176
2143866668
1080582572
1424054937
909993389
1261693421
1153822854
728388007
1150820449
126495732
1726536955
370436917
1047487427
17739994
2070657941
1206085120
200460938
852424855
1326764744
98922595
1913219270
1890594982
49925767
77437644
1827255216
1503473410
629096490
1605978887
1705788849
1810522494
2081977287
429729377
1806905514
1015076211
1853784315
569415255
129285985
860123521
1297803262
1280106434
986619254
876856570
1650543352
2034106681
894596564
1573717645
1092708153
1095057502
278658852
271989249
1193980098
44394475
15100583
1243905865
121832119
1842355799
599895628
750928609
1300851038
158200829
413967455
1235344677
587930206
73389321
102937240
294230873
642804576
232223225
1154354395
1940607839
1512329660
2140973649
669980761
1015389364
2027596682
1564577325
441623361
972821187
512151179
720282214
1244810436
1706131277
764676689
1259911019
802553495
886508808
954783170
1402449123
1637437418
108150560
1560649952
2051404873
1343495237
1096510
2124794195
1446432477
295327384
620115123
1678655703
1449681779
413239314
1043501715
1443171780
1083220075
2058891079
1323284814
500313752
353030792
148622353
1012464932
1073313006
1393432789
571112561
1837989695
505860160
1373666056
577014856
1460643330
628631531
66968626
1568793890
41797835
2118373499
764805479
42894346
2095684046
63754308
338221730
568315522
1742410011
1787903509
981554836
638428078
1083591641
2064774912
549835509
259392807
417605016
902866302
408015160
1430069948
1976179308
1801447949
2001182510
1666685356
159824461
1227364918
96216564
1620467791
1855996450
163185190
1041778033
1897794285
134075041
1806583512
1940688631
82275440
1870337820
131426713
650590962
1465264184
1919330222
1632145798
2103692262
855438215
1549437062
506044124
1114831022
1967042079
1408910426
1522846182
1249628379
1237606086
1176810483
1103327241
756807794
1336634944
183208512
853024358
809619087
2039204962
1016209548
1851397120
1789515599
1150284590
1510496984
1582720583
1232560030
1233351157
1714147296
1883150992
551131693
1485993871
1367813142
507340307
193948438
769766557
1013384431
1308779461
589324988
274811209
684141995
1838953367
1512417296
1860952479
794796961
121741442
1050103775
978005473
974765801
1859722863
869726787
1990975349
1563636335
511758738
993776291
926649672
2094479321
78852673
12517181
1661142970
1962003665
563648874
999653193
1182333160
1070989181
1193601631
1952099717
2084373613
354897444
393941057
211701174
1039039440
85410776
1724118470
752508271
880207737
1845859913
1802612046
1858213210
673142066
1514851261
580456349
516633767
931003949
1092215088
1510410059
1857653621
1039210761
1589262732
1870170802
552870083
1403782750
286336028
1552523276
438632262
1357325209
598641260
243248331
1294215174
953538704
637189388
1505916349
1992578144
722600164
1082551171
597602767
1602807902
780927436
252731166
1313537464
1454069502
1767582427
1893993814
1970703270
551102728
838725254
1333629681
261272701
1877936015
775408765
2131443503
283322451
31707867
270295883
1835845727
470340129
1627621093
287003339
713588460
774352619
1240542044
1350777848
132785320
1085636540
2073378013
1215336492
1683239308
1528702267
1996263928
1935970474
694756083
1302849783
1556069253
441266249
1126069405
2107171982
1279991503
312215438
220961035
1010443871
1087624203
204920891
1293766322
1119332071
475216774
982128401
1589672200
2102837867
1269131741
155777013
729706839
362190137
1506554861
862492159
1447826677
1432449226
2077828651
983582337
813667845
1926608932
772069163
1508423929
1081975067
180654769
1949690178
60560824
140343103
1082198034
372776262
361304138
2092641905
1460400465
566225029
1238924579
432248888
1041441804
73569332
2021921089
996796023
1342701073
30214454
1726502862
1704891210
1536769315
441511374
1005234240
821734894
371856377
1988816577
1635402739
150981661
613402093
996343020
1232956728
794056862
798549551
1293517552
934399965
1880747585
1666293814
1295704103
1825905842
979210632
1861929133
917346773
1411459520
755887289
990916105
1285896961
1752683312
186133531
1316111415
1331702527
1891024741
705397083
1773213901
748775333
1527131977
2145070278
590108263
1015051068
148568292
1203510356
2011394089
1381525020
1997567218
662459992
527558925
784483535
395723929
46369091
2080187638
74146123
1025579723
1794633123
991492896
289555596
403036764
1982409001
1575452557
8236429
21058884
744080325
1339938956
1912083626
1449477408
965669209
513375311
829125737
963255839
1103483574
1844176805
1111824131
159510282
1708087246
345865504
9593852
223063590
873424429
794077387
618787519
919793520
726781378
692933642
1945373244
373930853
1684426538
87445192
776967618
1519351892
1662897749
785204047
1540410776
259494426
2125143003
1305010754
1708971834
943328564
1818386066
390613923
1906584403
774385992
87307081
870924887
933896275
1795394327
1216790391
943490127
2018457918
2090214820
1737567515
489761789
862524692
316865245
1182695432
660414288
690796098
719638322
747859480
1467763716
91506566
263273582
105484115
1631917343
522768008
83143470
789444449
84256195
1026472034
460346867
474870118
785572790
1234732860
562177199
1656497677
21145487
210087879
725804420
964635614
81062149
668535592
554719481
570823938
1531060284
871584726
1753519370
43990925
1562380825
325674045
791850405
882660893
417180611
1055123987
988145009
2049097954
1577891996
1071288479
691058756
1662148191
2097760514
1151405623
2137018309
735849656
238654835
551711861
244863685
259800322
761799740
970668105
1224435937
842861889
1639203697
1779155418
1413685827
1022780333
503256497
1019721550
1066771258
2065637322
1345395595
1858621664
800814567
1762576206
766262003
1788959576
1664190513
196670351
712764408
207765621
1858818542
663041274
1359171244
1848353204
1398890930
1597826080
252581417
1643754615
1857626402
1014381157
466939072
934578691
1857243046
2106142769
566250462
1123445225
981439454
1069506959
2143166775
2048210713
987660633
1341078722
1759348729
1788475200
956171281
378127084
1429951129
472878146
574797436
2142715537
680643767
286132330
658273163
2039815011
2134485534
2057164093
1490157443
239583303
1553435060
1200300198
1253964460
2020374132
2134878889
963723858
1979033253
553645703
2087169084
812989059
1623152662
2082852211
713716124
463329647
1276447286
325581205
104321200
85134919
703708290
1534272329
558013065
1278505726
1529504218
1238656832
1564638056
40293733
1130988195
1551639943
2097457826
473661991
1791223246
1503409238
1673962189
897704059
1376299722
1661357430
1861427917
1207849327
67519486
1801113353
2020838386
1690672148
1736481917
587070863
6518148
865445555
912652068
110839348
950580474
1616360358
1645111677
1508593539
747382436
1027132247
599766723
164536845
1067425980
1730754918
1716176788
1017400158
56933261
1359916386
373325748
1730895450
110136797
1749625470
1244769233
1971564715
809991149
1312288719
1625194420
683345887
855477219
1214192689
1270416750
861995367
2079638244
35585171
972834715
882735070
1651945529
470462744
243844961
251844318
1497594991
843611684
416381163
417537323
426882955
2132557951
1434937481
483816216
1344990689
1808263229
67228019
1455127487
1410405051
1311997252
1279208554
72912552
476802323
756919326
756258440
1332279542
1971112016
2026675190
46791262
1903266612
2062260361
1019625977
638518035
1566722243
1490088722
882362996
1818566561
840200065
1725974681
87464076
1257737389
5373988
72538379
545191222
489190204
1417529068
205970804
556418223
725172907
1616375855
1868415475
2004381461
1689288408
197734150
613817140
298063200
1530013693
437445508
177254742
1576804955
193228472
92031456
448947284
831746507
1658753699
1939036006
1714109504
1329836612
631752424
1292600537
1417300688
1889489813
1297974525
1489839067
287197387
1787164729
759884487
493168191
196099305
1485057395
2109544047
2064514780
1341955208
1651348807
114765283
1955772348
1949412007
1644778976
245734208
2126666749
1074100283
438962681
71214557
1523047567
1270709188
1729968256
1314599926
837335044
912321220
1946352350
2129935581
182138260
1688358515
1280426458
1671977327
1975555902
920107540
284378167
321240446
1116206845
1769435562
283300845
1033237977
963907122
1934649652
1148003260
772195823
1736578011
645298588
1017930031
1715761112
1719398871
1456892712
1786975670
1094962791
580118253
1369460278
262079069
1417453297
134297851
60947771
1399905231
316436111
1749306286
532848041
1988413439
1577378540
1452955581
125307958
1898618986
421678778
1894743520
34436183
1454916756
711166994
1969085835
455436368
1483362817
1558180198
1100734957
353809201
1126457663
672650180
1810701913
765949685
1767612971
243336518
2135409963
2029692040
1660789816
122224166
2090639811
913211399
438660278
1692462449
1446059440
279590069
1122357342
751531374
404898027
873492680
1173210152
152157899
907928864
480643260
863324893
729531051
936079629
199204063
140227602
2036814586
553013264
1266685265
561981118
216231529
2032634950
182110442
459568048
2020561265
64318834
2120357864
2142785432
7474998
886085615
433962062
1699937447
184661407
713552131
674811141
936192781
1118450158
1548303822
2109402934
1270608057
308749038
442562546
2133932950
1038280089
1378642175
185653365
1178507691
1267973113
738666629
297709308
1829954232
954898159
182860610
2012064674
1414466207
55938228
2076383508
1387340423
51240012
2083858506
125942390
485202074
1636312306
310603797
1198754205
163639799
1246796579
169720715
1711943621
1208715865
1440328772
2020692659
1651278411
1426778074
911489101
882436939
1612431440
2089996792
2926404
203614421
240222453
1832880636
1158512580
423083063
1697461662
425495139
479021291
1626361523
1812835562
530261303
1562736381
1938777952
1015463377
1051565039
101898102
66733934
1215204839
1348694681
236454649
779664812
409926898
1676783421
652873824
2061205309
956077848
1564362925
796158600
421025640
1506876069
799085005
624640061
1747098522
484481993
1783152642
22697938
34460008
61164133
501719229
1660821531
1873999696
1031980533
1076074264
1665294000
2047443910
2127639304
1767192102
2114177845
1195360495
968403135
203148846
1975025307
1378330033
1879932268
480415483
1292051695
688526468
2044778408
2088210295
1109552108
1404170830
739811652
1734192169
1003785704
1224293646
1369861163
1026483642
1258753654
1431025297
1528202872
772091537
1157541345
412699757
1848165801
675351697
312660019
1828321457
295060152
279354216
876198304
1263463287
482503063
703739964
494309673
214951683
1184155447
1786361368
903478151
1081450208
1727088015
2013030259
338137390
319416020
1599738780
1341923094
1543709666
822116296
220923089
654979672
105657945
1749125961
1427071209
1263199290
14342070
1127753362
1938550987
327002089
808591172
86127491
606356306
1684789476
1349590779
1088859369
241045792
1843900452
1303811052
1425201240
1482778172
59805555
359167800
1062382539
2072835814
697305190
1381798559
1525090946
2039228284
778024577
199723594
112667725
1433004249
305381539
1861793686
712591810
1568580829
1876135756
1840345173
1359648169
55654198
501452697
1445775660
662010504
38758525
647882791
1750869873
279804318
344299595
907197277
1705005558
1827077767
967002832
2064173358
741976659
892354998
613994900
2123775218
269962296
505739536
754316148
469685891
618407262
39836749
775067430
332717300
752428560
196164612
61369409
445290085
1555812781
117023607
946742782
854104793
779034111
985501307
1501987585
382420336
1265305625
1846287180
1289617613
822827535
1525881300
109136797
739517245
120374311
1001491795
1353512145
96665881
1271454091
1859251682
850982029
1741139982
330175296
890818779
368723765
662892596
1643247339
564888377
724262005
2088537424
2120701158
841285612
887796558
827322303
1620319723
1873297865
181826240
2002740059
991119843
2028113421
1144874024
1813947378
1406511073
1254010821
405980976
1526885384
108018968
1759493121
1623551265
1379473060
1471261155
327049647
973129394
1801436451
1217868426
1341853159
316845400
713632117
1906741536
1041107405
654685893
1879959046
1882393018
1542482451
559797702
1355229093
1268296668
741623942
1210485505
111932863
622253715
207875881
1925880242
2028764788
1461886703
184377570
1408166524
1569905671
1943870691
884234142
801895083
1267648199
1211283789
1775024478
921601002
281668567
969393989
1238446402
995300684
728651878
132070160
1649986577
461127276
2014463178
1044985380
1020924978
1222208623
165798400
1762548921
285210480
277731264
237318988
493086362
56127858
118600129
1954973065
240505428
1526766653
1377395088
36892471
263517147
31806524
1304540670
1474800936
1806831002
78658025
1756469503
628741343
1317104427
604286539
1357393221
1449174587
106789468
1818520498
1316154117
1151774848
691961828
390879093
1317573249
307027101
676089573
1595304513
544346090
1169175935
1651432371
662946219
976665352
1891937799
42229224
206576793
1928830270
305746372
238383317
1085887293
1780547308
2045214319
1164545318
1389533164
526472014
334166097
1993819703
1883865236
1783340685
2100609172
1554902086
952011154
1104900372
99380266
1342890247
274989973
406407368
2018979821
1870294486
950753458
1040672108
1374243209
1613699677
2017337461
1118697360
1655928901
76430606
900043983
1961675273
314813923
1985931276
1594738934
212544594
1002992946
836788450
739016608
1337159043
683124505
475398196
973016080
636250029
2030300282
1925027235
1741150402
2129680549
1120433834
2016140375
388604269
991930007
1738951214
1339357727
2032602116
965710775
805573756
1902455929
2084408136
314019009
1978886535
836968471
128210635
146216810
675416099
1722949569
358761404
1678409045
412254371
1097778012
868084440
1095378876
1573176209
1841100521
1731628906
1455992843
1618644108
1325295660
1438189744
591594294
1193952387
1826794013
1583524302
785419953
1018668092
1468642770
1751130729
1824241848
1223615051
1688055217
2138260858
1055017938
377540040
118987845
1201234748
1052956139
1841937414
1559996152
583881536
106708137
510290516
1451965976
1202087013
2083466725
1145582849
786232271
1391975921
616743309
2111527931
682682017
1208337604
1157996671
361992383
644378258
1943416624
1380660475
2113021028
1547063705
1057418676
1189152431
1087635274
1048195886
96686721
1465175314
1167183731
1297921469
370647805
861637497
710433973
954529341
968345634
1220724489
259011670
22948999
1156707567
1404594519
809181271
401199840
2021337829
773225554
1083881857
1082191785
1931222225
1445874240
1726570043
1727155202
679051068
1692107423
1126735259
1736469744
733776206
66886886
637181982
830462927
1532062200
1804365713
2128384396
1902710006
518519562
691334721
709755699
1486865196
1912059210
968767369
1509814195
921283129
225878241
171511818
1322482969
99732422
944737373
258881179
1181924207
728475950
1704755419
761010602
308147504
236322839
305634377
1434882764
1972792583
1039410583
1501769650
462490917
1869873510
886348202
119372982
1850774258
641574560
637892544
394625331
1351330260
2124757740
159200893
172613981
1487088288
1080484023
398492222
1658600106
255483344
498224644
455853831
514364523
1680148851
1184329782
71636295
293675805
1492477286
307959134
599310182
779876402
133268070
1638720765
134162404
595758987
1361110627
1020510607
715131970
1064401237
1662085167
1353024514
1459026568
865931779
1330298607
1618227462
1038545761
669903247
551227837
1437037983
181019705
806711181
1935262628
636873537
1321075705
1467927831
1821203319
1392712000
1761603637
1166196957
1700671134
213430171
1946073360
1833939204
1852150937
2080235764
282214544
1065777916
953262723
997346514
2130179154
467864243
202887380
1441722074
1333796022
1533185987
912465888
224858135
55605586
1463693725
1661896119
236625292
122921259
1449675099
873498829
1443996964
770119282
547218500
689225316
384239271
1713415457
242412802
597669443
1512005169
2076352007
302336732
1444757286
211082903
1368114648
250536361
1208429417
1350810154
718400604
1411316797
645048581
2052196627
797019137
1557514469
129571114
852624723
873724547
1791467233
1089250015
996645806
1093658684
1962748844
293159122
1863777967
362483696
982384438
100533590
2075899154
1224797240
698203033
1440420675
1153665599
1000539765
737694313
1364748502
221170766
988230675
425694271
1571980920
1706631279
1837011069
69545853
1611344258
486546558
1627060323
1740915373
1339171281
353301222
1384898958
280937649
1349947028
331073995
96202845
1643106150
47368314
458686542
478006940
147901904
387102048
1702804180
846104938
1827522723
708986132
1846644703
417733389
2073734634
2067815469
1405964064
351945258
1492312742
965111695
41472679
1561858595
428972306
528019237
1041435270
22404031
1867190518
1394736492
1407302989
644519
597199872
1738376984
96847365
92822374
1785745298
555533907
570829314
1933647203
942635955
126149847
632268493
622675030
835135979
331429548
1040408419
761386965
251761370
298888835
1113332223
1744074112
1264000531
1154804902
1158449059
1692972837
1682824139
52400682
1715376868
1402531010
1447137174
975196209
1403175529
2044337047
566089546
1500022894
2137159421
204351196
2055556801
560505088
2137998399
850709108
686654935
622783244
1473384139
1521790914
954212793
366308910
135694231
1205974163
665197746
1249026455
802564627
1929198277
256347709
1961013686
1474687466
1939171849
2013414368
1042580686
1194219211
1313067895
2017776895
449911092
1209921294
436382793
1949933987
1199597067
640733990
1858007140
1760102155
631248741
561232601
299273442
1254031986
2034616740
1821064356
60761131
253442002
1956758588
1266735294
918639748
1058301395
2069299921
700354377
1314649104
1882829959
27558195
1106337305
1748760680
1070138881
153072868
914344927
940432129
602983961
2124266221
1376814922
405434300
1176379640
2017548912
115957792
788998148
501314006
677190393
1088271590
1755345992
564323485
761852299
1816107123
817765488
571127239
935358769
1736405236
1629428634
857175042
289275966
796594090
592521353
316834161
1902931396
193798385
1386973043
2056004264
1108143312
179921524
511504577
1084925885
1556736446
916938877
113821878
1426801711
1032896670
902820026
1928115717
1710087063
1991091616
1535978061
126926901
605460267
1204601536
944692389
1176587506
2139960305
533613977
658532492
849651699
822889943
1455126583
1442173052
1139724105
1210574331
1635971438
379213500
1119094947
596631102
559135024
1630599525
1681556988
2115871470
400054754
1795378866
1395189533
1432951424
550715244
1175821602
995554840
394323212
564316015
1122481741
999783480
1768917551
2067174130
28887338
1761394208
453304459
687419831
463562259
1276194403
2142546414
1905735312
268434860
1205637097
1394223102
647648360
177248396
1990854204
1206783384
1807847921
1524927544
1175171206
60419028
1172822762
422877092
1493370452
1723538006
1598698694
341441644
2117861219
15531062
1463923385
970161051
1784448613
1383613867
999048389
1398359174
1836918327
1686468220
1861921433
965629082
1681530986
1620173097
1234063942
739684435
866912551
1881712302
916932832
710283108
941012038
577297105
87727004
2116183244
637716133
1260549767
391576688
2131086586
836604125
1990275383
325044582
806981696
2005806445
1788967968
1777142747
1642771410
1025098187
628707489
893646936
714532866
167692061
608084722
1680161948
1849223048
80774171
766742242
441423835
947686723
500970896
1358356667
1657969831
1441982934
1935653773
1745696835
1410682531
425886258
858762954
1802259219
409489196
1695367080
1645050954
734533779
354865128
1503373751
376018099
2132007876
998661514
1401116286
613231717
1892308450
2115649153
780923778
352909524
1648327453
482663178
433683696
267586048
924087014
1381370419
768556944
134960033
891856602
63056231
2070613806
490069789
1473738762
349016417
1348832744
1128514333
758505613
896716176
626081640
1493039392
1251581304
2129455391
1869057491
1236105532
980633257
1122690130
1849337249
725458060
1090855635
482777380
1078367584
591699440
965440558
1512051280
859285488
1889527572
745938051
1627842433
2024487606
1637794653
1690898664
1947617764
2127864443
1017153778
149150533
1329213539
2145668111
907656147
78446067
624266103
253211891
1330027371
606237847
2122269383
418649256
1586871104
1097475865
120502857
164845516
40847852
603280237
1243213101
632547292
1568720796
607780733
1491832781
1310764720
1353718785
972191566
1187768678
844029790
515606582
987902795
824410585
1532760360
1137053328
6140476
1530944823
2044709475
84586543
7727279
150437719
1414613915
613965126
125223454
1833263171
53352582
1222699319
1953766028
218198099
1263547171
409562618
1461411200
1896094463
1978283414
2069191933
1240443596
1141564486
1275427070
65151514
181849517
2119456861
580758096
1169752312
796383798
2113518456
159321992
802524275
1496979632
56547820
887110818
1504706911
206985539
154241085
2118672037
332208993
1987504256
24540971
1554908312
1793786637
242739070
670971835
55865607
1704150270
419582650
2034149021
1625858556
1660026247
1028229859
753801978
1725177761
1210079376
725775191
158452210
232348040
1522158990
124487018
391670033
177199617
1621466650
448217853
1064310435
978689913
655203392
1218551521
949878302
987412385
1058572129
974419274
394837049
704875118
1217158344
1065808884
760740725
773824967
1485391534
647406098
252199875
997934133
1675635958
1006001853
575628247
738231686
1731777045
734080457
970579727
1106452387
858567475
1362249760
1283652004
332550478
1810467613
200478791
1311240391
318187357
1419030312
113635046
1305599742
330118794
1088054320
1700436791
1034993912
157729016
618762027
1795734638
931553983
2104153561
295657088
1183753858
954604047
1971293046
42272064
1530232294
562041085
1774049109
116829103
1532620812
733017848
975396578
747386924
2016669852
1307947056
410370889
69664995
471703800
728558246
1488695308
585338846
2034157988
1818814102
1673393166
1587111131
706324366
1831122182
58389510
354575356
615192518
15059423
650232445
1798946376
969663470
474041843
1841218440
352412116
1036082928
1467783901
469241219
421220092
53318101
1444637798
1168607016
2069987953
605101206
1578977905
2139652949
1076805006
160052503
1480864609
1662143852
46726843
1152195063
1188053370
1633837974
1858519429
871691905
1692227484
65611138
1486884423
1707286908
715843583
1138347151
529466730
1189885426
832081944
881878847
78484707
152382197
1351120066
499704799
205700299
648274216
1668311816
128204604
1253375423
1099806073
120373905
182696781
1259858577
1601238514
1844840634
1306585420
605949929
885410356
792939747
316985711
1757102261
337683583
382596849
1096503036
2044970491
1098440432
87366540
426953574
140842210
919448484
1308832421
219326917
1071830681
512468839
719031717
1277530980
1160743056
239859885
1405735585
266634831
1339665958
1526109490
449331612
452040887
979864357
146688598
1758626308
1585814286
1032098955
404082407
1902799997
641717568
741765990
137913198
1738220605
639252834
1236353630
1825587145
1066206408
1377195841
597551981
227555181
1596522758
1669382662
740024020
168070827
799429995
1900767076
407930712
57681932
19918259
1747596671
1583791422
469249872
52153910
416172131
615938470
1810780218
2001986418
1648037425
67378977
1757302767
142271346
809144968
1895215966
1880491951
1448397802
984085948
1558595448
367120562
213798141
8663781
594675743
1810320900
1678046443
1334699763
1978391727
329992790
1087983192
238838792
387674722
1107901451
1986435463
1971466145
1577151323
2038589373
240154628
45606146
1701885944
94657398
1693643571
1769264921
1851960166
1835914917
430926241
1599692484
1568923220
1879324043
436294784
980035020
98960957
650092926
988698801
693636700
312930178
519261597
2028336464
143838257
849254387
968836008
382677049
1236929110
2076737459
221628864
1060911607
1506405135
112734590
1301066235
1552011281
1814620534
1395723634
1098171204
1436401807
1100200152
786602474
1867328049
552408988
208042046
1599168444
988703772
1188077067
1698129402
1638796698
29292220
244282454
1951726876
548553817
125135270
2095565134
1397808205
1093971278
330758535
487253667
1023225090
552387400
1548165274
382146577
665121990
701747861
1934157858
332258876
2097471495
884845414
1768660683
1050187999
1671447888
1488505084
1602596987
1879489935
940189881
443817112
920083354
490835635
2082613810
949375574
735118089
1886857039
1497929392
860253360
1834938525
748253949
1954224638
18213412
1235507616
829966080
570600812
636189242
1212112657
1235722802
1337937103
998786867
1567981678
1287924951
1883632282
1189158714
190629302
1407596522
530180150
1793226290
1139602809
1470370031
89559754
2059686163
1961205666
24689916
861578090
548840108
1911546955
212023834
1409093468
1599001832
960277783
1215834458
1617215245
48301751
2045800539
40332409
684490993
1110429548
1276055212
2022428096
2109216416
696553242
1162869399
1845365050
1885711956
1353498702
1105477924
268408459
999241344
97597086
1738778490
1088801098
9799601
1552500509
1113491014
871377691
2101340617
877554322
1083401525
1362950437
329072506
2043679308
431301247
1946287751
2091981059
329618138
1986620161
628988404
1440047687
1115191725
503932853
1401780455
1811744967
1666802252
1099661857
1549973276
872817306
57656133
1818381735
1872058650
155253219
1409676577
813376100
165052821
814693438
1926867115
1036430512
768550407
656937789
2119832038
2131500844
986010295
2016027698
415318444
784814399
1960525110
744936582
623950912
442029866
37500621
1739142637
945962719
1439281076
1403403956
465281324
391459285
805893584
1338098630
449115419
476791671
1062673633
604368638
1886468249
1876049733
769421459
553678039
1655433200
1805851972
1322228447
164887341
1778200362
1306245643
1150897637
1646744412
1721564087
1935712036
1459785874
319017022
412179300
1901815741
356517643
3838289
700294812
1795798720
1407242245
1165576136
39774357
65652182
356191119
488889776
542443853
1418864752
1093258415
281428454
1147430837
1862679874
835106494
655380390
1521048198
9851293
820267731
1151764912
1316096936
1971165368
651025677
890177376
1759393756
2110811551
1209194398
24089408
1865143644
1565712041
27927697
417954809
1214027113
1435169943
1583530945
1253801471
1500822125
1939722064
1742691247
2043265978
1211103168
688466014
177210785
211050358
403662241
1012317279
866430748
1924710439
1022168572
1686698479
928991704
190781860
1510380200
1580017381
1080959236
1122290308
1543345284
142669986
1146379717
1261005281
1708382028
1174307414
1678960090
774925493
461993709
1115007387
2028726964
1962815834
907245804
1623934564
1858598165
2118348972
164916930
2035808950
181915682
568579171
900642581
1048346430
345805963
1922811153
587561262
1274797667
2113593013
2097941462
707331400
1047068602
1072748122
103193036
1189738588
71644191
1364198317
750636968
1245951606
895674759
1525562462
1707945315
2010682147
1406805778
1523277502
770444303
883256694
1234392019
741309627
1048173625
1122717321
923225310
1616752796
2023359902
1971571740
1962558759
1798687407
411649354
1089872778
1764796772
362107168
1797204178
664381726
1434855291
1900397215
1854120315
1506499482
1117111884
457273635
604967440
2012786644
1982836097
165429108
1875985143
1242158228
1688706610
498945798
2125414922
775614981
1240255425
1026104899
1898332302
15997087
495374048
1774208556
1987568828
310449159
1425412315
251734534
1400321938
1042725439
613841703
1050042468
1707107166
2048696994
802956035
1413743833
1407712828
1920067920
1871017468
2012680269
1785370916
1706369918
30625729
1513872411
801044498
1719332339
2012818209
778975772
347463672
1105589986
1805080672
98312326
1121587074
152971072
1872520882
961672254
463420231
1150449549
1213406788
1863742169
45691340
1827248491
766300990
1752798506
1728461837
1569257025
1019058691
988691018
1341841297
742592512
853887639
979728565
301478782
884513368
346117328
1102523280
456362059
211451889
1881499052
803825731
1317041876
1539096076
902138057
291145302
1692067148
627175291
1252817556
8003732
1777624840
318740696
1871745901
1823316180
2145989188
490563243
1428631039
1726967377
2059820269
300206082
568174747
1254177918
1042798594
1422062386
86422836
1344277376
159092106
432540164
299317008
615454165
643992054
33332413
1419279896
1961033930
1572428489
173934305
104695584
1117011990
801109596
1357513140
1125015722
431250788
1676253836
849277975
107083321
1674759376
1339841219
1535714360
1254243106
1252177840
1835920442
1822417853
358872110
731235389
1096996592
445294946
2075512765
1256088698
877835111
227346126
1871542864
1521827165
260678539
1143339112
1335377447
1833107028
1317273418
1440073031
802635370
2118383014
650102523
1927651092
402150155
178872711
629445420
509233476
1853632088
1969286639
2044947836
960391546
1073980831
1733384630
635325751
1432852941
317136371
1732322343
1878147888
245165489
840927394
608499351
472511615
564986610
2130326516
733190154
1708325722
1318220315
418813534
878115492
610809698
1221448905
849014859
1260912221
1001616349
1251165014
1439784932
1631061769
1760398490
1145933372
1452864760
1657862678
2106324918
379361943
1243763660
594167022
1812214885
1560900032
179005717
1542879125
1806065521
1019933111
3894828
131093488
1584919721
2134221344
864283642
1145761796
1304958011
1283097176
2023877288
1915767709
357062433
725408499
1029196282
1358678783
1976573513
321497566
842256904
1589488355
1467430939
147638017
1099867385
1426272209
526999960
196147398
2020439231
191731197
1757047430
51961301
1734610322
1415629303
1071894412
1738505150
1546722791
509330486
1725242846
263522785
1655092282
882717209
1546619961
1531485922
651001270
1903682395
109410774
1680197552
1114877530
2085984287
2001695119
1957134434
1527988995
1321642410
2104772451
480372732
600430971
484288764
676520130
473386555
676019961
286083912
525347856
263146636
1701713215
1597242268
2001651786
1100952358
2106572754
1579410985
1364475143
1614181388
314644546
763611457
998183663
965645817
519810204
1107594437
498359721
1634687734
1046095076
352571192
1444338520
426600423
1674213602
1401627324
906973156
127160926
1885916088
1583493286
600547481
414452401
1869577199
1125895337
677599037
1423806766
575653957
531767176
377275477
534743064
2111178161
1741750620
1440804
278339059
357878429
999624467
1243984876
877688633
2107218904
1742344598
364892719
1005830333
2094915790
1809231240
1432430756
1621645745
1063374916
191920264
1748806671
801807356
1775413551
201870504
1216259757
1497507102
1327765841
1893858795
773830220
1903419798
278142323
1151105697
290679214
241836836
745372670
292120019
520175895
1103251099
1291744486
1764160772
1980939733
1251479743
1359021722
198348804
109826428
1306453864
2007580044
1542257184
780615961
923471312
1734177449
381938984
1725278668
1362107352
583809488
794054778
712130806
1911575329
540429925
1485961026
1667511480
818572248
489583076
1958190694
1060409084
1234955746
102827065
1580584979
190723197
1394571552
1197262103
24179282
498567647
408800177
222528087
608394075
1715254042
82624483
3167611
348386355
1006095796
1737345060
730325340
583890816
951968764
1314134828
1377945594
1664099570
1078226510
1918375519
1002576949
598254342
589464119
1492160025
408961388
1649873203
579632123
511788454
1082974535
770355320
1906360006
132752990
794534603
257444005
541553168
1017062690
865838080
109323562
1099687173
869005691
457709917
2105782969
458867104
1188035257
542190138
1410835868
354686438
1920135732
927451791
1432912948
1691027604
1930028740
2031167290
133008075
1274705117
292645030
1782881279
1854337240
804433484
718372166
477208912
563309842
851125156
1271743515
820753847
1392678324
141322557
1686591927
1502001886
1241009731
408113971
1959711804
1199309052
866981075
1000263413
1741499190
130333295
1354949851
1514151275
1057785086
640379151
1057695231
840330178
524062793
1190703306
2115035295
816707824
826100937
1821888887
1621141308
1544473103
151614152
36967503
248114612
1423357667
857721350
1640792936
1564680225
396829630
995311175
658206308
804943601
807539331
1857515360
1671924676
1807802744
1451530903
1802257971
1015268948
818198530
712559410
1655648099
1875893761
1552889588
32227245
919113419
1520441236
848935069
1745214357
1194846475
322592729
1142203812
1346460627
359560232
1390318424
622334647
1217281583
883627713
39531224
1614111213
1878938888
697737532
271571166
538994571
407769244
1943495842
199313667
1859300147
1598270165
1214582615
530015029
163345927
722747067
258425142
1716235516
754974312
1177538562
1089193104
1603909381
775269271
136555931
1926502110
1917473083
1483016559
138578695
1160307860
2105351206
1355860278
2043935573
2144882430
822487843
1775390813
695136314
1094059009
166901736
1102905558
890071203
366215403
814722058
340857720
1580798019
1344737087
504203648
156061438
1603162230
72955516
911035750
633217144
1162148620
367461483
1408486415
1298704551
146479945
1178475850
634237462
285058640
191300062
592105020
1640918918
87751987
589503802
315923113
1863142800
1284640116
1409982122
2030044536
240062027
152569677
248776292
1054784085
493427398
1829574311
252037524
997631046
1985635749
1855199754
1070586562
749187851
340933250
85251534
1116649334
1749419665
1383956085
1263129279
780411868
2018193548
1548187920
971711930
462814920
1041623190
1059463918
1052318723
1357546304
775123070
189475191
620044778
657683959
429537218
772614456
906460251
1484321303
1266041854
588550914
1736358828
116189252
426703015
1444074934
1186775814
1175890866
1785008185
1272027348
145056552
1386944202
508499785
1408185831
19872422
379209685
808890103
991584353
842024606
1850513294
2051048271
1894343329
1060575950
678687693
2083818520
1680620728
1336371652
365872091
305751536
95348255
1850193394
1571793390
683899169
1439068574
1687982642
1110602184
735659861
727274808
139009402
373184398
1999302156
284065954
1760128600
360318294
1692251786
1780001023
739527979
353658241
624101728
1581552585
56687887
527666351
1328412266
1117263837
1206354044
1264747139
650400918
395242049
1630619230
956152454
490590304
1333328976
380462197
1174489474
624913903
2068444839
137608010
1360573764
648236000
276617413
1733758162
500054508
560683367
1346403114
860372802
105451505
978920489
1599900782
459109747
1603022217
1033969719
515797634
2130688568
214898338
1633061472
1189558965
1479645477
135978742
1584801014
962781059
1092131196
2075391318
148626387
1472593393
1102397144
773540290
1393554585
1240005155
2134114054
2041790585
1516622568
1720388568
394361445
2077305935
919308035
1254734248
35273793
1898228524
707151382
494383540
1353767094
1741121101
1010181174
1336972014
1956019439
495758998
379047331
1288181268
631737740
1963848345
103478679
1723868937
1891756016
252105067
1048978682
846669512
1025645357
295049619
2086674667
1012275764
189356556
1455813587
585180684
583718002
1385635875
1504488719
1838452250
1420909668
1255233596
398119984
1915293208
461517042
2139241085
777990734
1798489056
1947776877
1273749733
30052740
1088474497
1905487473
1993901085
1191953177
1481872762
1738173453
1444058244
383367797
437359318
322219953
678417416
376550337
1334495717
867773973
1832363925
1919676402
1451491975
1070516152
1276681473
1142460577
343942172
384431421
1540580561
111751732
845948463
1532337998
889742466
496953872
1332631227
16008551
527006612
273622077
1921496025
373424049
1465575254
1255885139
2111597503
762149850
1639252936
401473173
1084369803
170186705
778023510
271381873
1037960678
462903787
43574627
341969005
1533419939
1320256100
1484429582
1877362111
1704687522
877526495
1989113843
403152337
262380845
731372662
900106209
1595012073
747381213
1427112821
1868634150
521393590
1800536871
1186725756
1777278730
1764650726
1948875606
1269048018
18640251
885761761
1439234723
796663761
1157143634
329711753
1259567549
1200718261
671680758
645503840
373490714
8626692
375382304
2078178236
886153187
217012499
333846925
1148534033
948385161
1233953135
596062458
1695766375
513582308
317212960
69676317
166635531
1503938716
1846955047
1931286257
1305330674
968519418
1949926508
43608787
260270493
599106622
1200752422
589982247
1858674171
253987035
1261663005
356694363
627477749
1270289698
732076667
558172337
8959237
949089167
892019263
1157493270
1897474328
2125972398
1753555728
1445757055
492071058
2070768688
1515433373
658706590
1427223756
1214904772
442509199
585070782
35940542
244952060
628679570
296211036
844058682
1829431992
886193283
555249205
2083419027
372640
911943568
563413129
1270662338
1644020236
1121585466
1279621576
445625755
2013604729
289631198
195616435
1992093479
2043186927
1641373491
336680890
1966471967
1009323216
995387480
1246212076
76744340
1437896679
1831282858
112684883
1682848739
312478780
408895919
379423773
2141910772
1295089202
934672978
2077846152
1295461842
1846616547
493775633
418640533
1343153135
1615361099
1698262109
1788778890
1481482181
1987893307
1984395325
1326092012
1883596586
1478285168
1662772902
1702584906
340124736
510676734
801313334
416869077
1948573414
485112544
529553960
1483938505
797591325
938449879
1863362279
792018449
86055433
650551609
722380953
1381517275
349684508
1216156586
1800157808
1692837643
684034038
1350936269
1334132885
18032571
1191345929
1171044563
1344124583
927458867
501846083
859413838
482560125
841970820
1370090572
1283873459
1258839897
1171180338
1768986004
1788393857
507635196
419093681
579360088
223513827
1211112130
665415521
874065436
1933493084
2046932796
1223749945
1002166022
1699606957
769103940
1686200060
903059578
2103236826
1704232631
2094405507
1126797741
900873567
874380727
1628643824
1760287405
1356940852
323130996
982894329
493330664
1581970893
6591020
114833020
1222881102
514226216
533926701
1802241190
737740043
1745038831
320173063
1611805479
1531048267
219622212
688071776
385730642
1919229169
1457175717
2071930702
674805099
1412928895
1628679686
621726959
392242988
382069605
1496107686
2020886812
2142357010
705564890
196534161
977767691
1198895554
1778505054
984358711
1313728574
853902509
1498584927
1847655275
508660051
88841322
1445210459
828833115
1700646802
828775078
1048455327
241234930
1214505720
820200848
1698410647
1138952775
1495005947
963855894
620148813
2116732906
1356098882
1002218418
1465356944
1229502047
997091780
23438187
1426036208
1974859471
1222333741
1057057614
811734535
388578668
1910960123
162835814
88750295
272136527
251677137
1533960754
1100969642
1952323939
215252185
1941321
46075221
1429757905
822142169
1744485869
421227032
169664468
560858115
1041375845
138913727
1916956998
2043594263
1604270671
998975397
893202395
1627708858
277527957
720578219
702558952
1334585571
1532312754
1091137620
1098062047
1695148568
1179887915
1370198574
1946825705
566365022
323684568
1751665996
781617207
325625889
1797741218
63891464
1147768058
1394743439
485118497
1317432526
1955601554
1526494342
1456346253
1725074904
1422604958
913133277
576566653
168323705
393358487
854094610
888901924
1095917439
41196534
273731030
39571411
1139258581
1968879599
1219459327
361973507
1768221656
1785824349
685658075
1372404005
419957908
1011283964
1022661575
483849372
11568374
269921366
968967869
1329000900
78039272
347978564
637863506
1803114177
1770583522
1550996783
232197182
1938907227
1944355270
1086291793
680325504
892789062
1127488327
954056534
932360473
119263260
775452485
4336152
481236767
396190494
1790160501
1166894842
1768594499
62634761
30695158
643772426
546484134
42263532
913693792
1515452003
1371264432
991733064
1863430567
2009127938
647363593
1486530441
1412641073
879560776
1277954021
1209512696
1965852569
1958279525
2102301758
945857248
764852411
887178583
1065120508
1540304897
891514736
1546357275
1936495391
534191589
565768469
1557606242
596826351
596463627
53895020
1143310485
638727159
967588812
511278840
2009991591
1959321876
227225760
1871635882
459201822
1713756201
1136793307
1338762598
844226574
198822355
1157131519
655022451
153640465
2102988767
1419874863
1040819049
1020625627
812696112
1932333785
419499254
601707855
319041726
985267723
11830449
915868077
1581731350
65725469
2059178562
72974861
1033314281
422973755
2082966452
845152509
650199515
1807118686
1304354331
216472068
796428346
495633281
1060698643
995250701
1652764800
1715721094
1148891167
1608269919
988112309
42226568
481411898
1800808421
1974560353
900911152
255032628
146118431
1886178875
266863077
1061986509
1320426577
332588546
973681423
1393401438
1365902827
1396655178
1328884243
63571689
2046854693
988519281
1367926020
115843114
1784947627
1863559302
1176541757
632714681
1368840454
744779203
1781605848
829626726
1732891513
1823832416
1311038624
1386216286
1650909121
64466129
1641248915
1797027552
1950645004
1908111992
711530413
1123587934
93216891
1685211837
369505724
1459119718
934383367
1698389967
1522691407
833754413
539425601
743133780
949597527
176889580
459209434
2126139284
809604261
1828049888
723434839
443726461
510192966
308842704
120075229
1821231591
1695058991
1770984350
1885697720
1188824258
1420528255
1688859076
949452602
2132058668
664963362
1042669493
1669786857
1034469087
354305564
456686577
585375406
1876996971
1290440990
1124801007
472647103
92554869
1301690588
931856537
71210505
2111294849
612422778
794645344
407537663
1122615744
1103488049
527612892
796363687
651063392
151113595
534577759
1839887650
1571641850
75953188
641856604
1556216870
740916550
1684526098
1078520080
1775385637
2038831662
1535206657
213277396
1768344985
678163999
1338078403
93508441
770718868
492285343
1025364978
841929373
456096545
1637787756
1636574717
863634208
612919853
592579118
1391247100
1409283540
1243642510
1542360695
1943861300
936046512
966518897
2019814488
1577903117
375252120
613247390
1114945567
1453772200
241149380
1006293581
841495209
454426776
627154918
1519659208
1792505179
720663359
142894428
137306875
1746028338
984823801
593403420
1236332446
473914870
1457037628
1849252299
1066493989
700801080
1111052192
162652851
95678128
907429844
1098699364
1062197025
779760684
529118833
1437449145
1393008074
1644064400
743737697
1634157454
502874333
1585232906
2088584230
1130029251
957408466
1733605762
1850692611
1100302894
1870912637
1449237301
2085126695
316832409
538086099
411557918
1773870037
239854751
1478051907
327187469
1350906943
1640704758
422865597
110853139
591920474
1485062623
890613823
1121039307
775028120
136138249
617620059
1518765818
1770295704
1120494392
956515076
1711396286
103039996
1913923543
1297518400
1953732607
866742789
1020947389
1255486260
804385837
1337779798
1793572359
1215943755
964166187
2033427110
546512014
1291353657
1236850405
39733124
1714219254
1347703544
631653599
1051798229
90833719
1752692906
1826826350
226971969
222829318
1198108520
1997267673
1343323710
7139948
1561180311
1446363706
1921063491
711215064
1252612665
640322633
1732162453
360615277
1444708470
922458604
6703989
513168577
1886624791
2040131099
1059680591
1030494800
1129497857
1099413715
597230407
329717753
1731067314
1649028636
420551473
1336276573
1328371338
647523442
1559105891
378996210
497307467
754945953
386136159
2058487778
53826012
159716002
622219194
1306438677
800038635
206898000
1667053955
97263457
1129356604
1673757944
610432034
868497747
1566405395
1670112625
1898992548
548419604
622042693
348739307
878137358
205626359
1997767943
1298688831
1541902932
1178655634
