5000
792497776
958635696
523923626
1773387656
1164411230
1811583455
1117636444
1202712220
1294455219
502765968
1075279869
7683121
1260142034
219303895
1114538545
1763752681
750468874
191449581
1245849514
2053209630
724111470
868310572
1570284068
1465978581
596902995
1443687429
408638294
999099043
420534957
2102467378
2022846207
1213032733
913619426
399286185
838936741
2078030656
63385992
1956573186
1133259228
1357841211
311855506
61055450
1365524333
1571997540
280359345
332579230
1188266573
1030828219
524028811
286632440
936554201
1248140282
1154943012
359354621
566635215
1751846007
1803042051
975273509
603461403
76093360
930257239
478823962
1289126093
1843876666
878110147
2128062835
1774423674
941496139
1937152373
760199255
151853703
101524231
821254705
1517378036
1673521771
1101614050
1849957266
714304697
2132442269
226502430
1000937137
921512822
1474642712
8396501
1280867443
2041277927
1760242509
936425846
869067788
216220264
1012519206
1799325027
695044226
154161652
1495718045
1573154373
134740839
1122658072
367166864
2071893212
1882857327
519020567
25933795
556628384
2036398603
1699455566
1658242434
1738872222
266276615
1643201055
1965374652
1267213752
417230229
1292533716
1275610254
1698097672
1186327995
888369115
487039871
2055395783
1104589379
1499559077
1707237162
1799633605
1653720729
1055471560
1225304330
1788461568
30645984
1592471194
1712871132
1913503311
2111491762
1738804927
322648047
2000406717
1290776846
1980890481
1591795291
1557053461
1476607888
1409686295
676783566
1893838117
554736363
1952393820
1444452141
1741064358
693279287
1931492012
1648976493
1797868666
1283567442
1208730008
1450018623
789804523
116717920
527839305
430782444
147363904
2120310499
2143653576
2060867215
2084318613
1734974856
236031614
1937241683
878268054
69438447
1381553326
287837867
1546046335
643755974
964621433
1292400804
1198492337
769531605
589369297
792073048
1462810892
373377662
293565893
1113195910
1656945104
1502295901
415730885
299265979
1619013821
943570190
730048423
1766377725
916397042
726218352
1679761292
853232007
313709560
1915792906
642990042
1191977614
1985231353
2024543369
1479815481
1383794040
520815695
296953267
528711196
1719308032
1066484872
1118080494
363897432
381812117
1491458156
657463326
1495008027
1000919612
12275579
1910738913
1300185591
1631289401
706825455
2030234015
1250183478
1623222497
608968719
782461123
328970857
922678279
550770381
971960899
2114655893
388518087
849020620
1446987726
1772312127
1369836315
1743940993
153539676
941660700
662942218
1271620170
1305558132
1044754335
615594678
1963021458
392278714
1616514290
1975297038
155533979
769216233
1459102791
862359435
651966600
561802621
338098284
1260935319
1344263744
667069141
36129950
1895034126
1639030041
3302195
136068565
340567013
1450289922
1908380692
1710403329
1046747267
2061920368
504580381
1709689485
1186056890
1810138513
606960172
1801651568
1625676324
999238887
1270682210
1453489714
1154772866
2039898444
765108857
2017132301
544381396
1326911478
207746938
1805316716
523691575
874816079
1841446666
271242053
366362472
1844748862
407310618
706929486
1147555136
168207662
269849167
46818755
82644383
774429548
1756508241
1268701273
437084413
215984765
922869194
2062760737
1215223652
46067756
1368766803
222512871
2085966200
2133875660
92161524
482863949
1313303491
299908462
140697017
1836995066
1174724542
1982143683
2108237119
1541087014
1679408897
368064089
100532852
679480385
536271751
370382019
726299141
618916134
1144811567
335323734
1887617408
1581895981
551308499
663002954
1497173070
1766532152
709070710
718456226
1989045023
647553263
704848238
2081206547
1130417212
2018151729
233631362
1271114229
1707663147
1408355904
1105774264
1668416618
801959270
637699514
2036480707
902492123
1317179899
425268811
1272874142
2043479040
1044184945
270202062
231319126
784318705
1852098043
782627626
1447321659
1201787465
401676130
8908722
1920243691
243237505
656461985
477608282
176960404
1786879197
348276363
410591766
910509778
2055939511
1818947670
2016284042
1576872481
473423293
506499908
1465869541
1375915416
1823679808
1891138352
501305910
1719675200
787839649
771507972
1950994327
1572158355
476122367
586138305
871996366
1677909833
987814435
880905088
1450669876
1231051940
1537367073
1928278158
1408012344
1176762622
129070874
1818604111
2087272400
37526737
1490068133
1956072795
1614399218
1963491426
315089055
932785111
1191923194
2138768863
676439815
1693229105
1710960416
1464279465
317253429
1514471095
888954172
793375797
2100609400
1760950538
323801982
940940187
494371979
1774471858
24508479
2031739052
1555266369
1432520823
1061018027
1684337243
1103641286
1000806779
1721863980
446225772
809395926
1188779550
262233550
1124484982
2121564662
1454156745
1115770197
650520829
999902202
679246965
2114800294
1317155631
46234412
856270818
2110531428
2146843812
469737709
286849762
940300351
964109688
2061321621
964808830
848365092
1469104342
249846006
1909383119
1005957937
1353487292
762706251
580338269
1799713064
1572102177
1769117819
2061946615
549103511
1743198833
1368619712
1664873709
246236015
221038266
196637026
213552661
1538193897
242871439
1069823480
1501241678
242231603
1539561189
1788091440
1182531955
356187229
1701929413
2147340785
1204552321
1023550107
249703143
966451793
2029508044
1603190436
1729158044
462362665
1255419852
1153776573
83996837
1169882819
1702880085
1827195670
391018883
1220270146
2073431685
612057149
1416907172
139500699
2767399
1659778611
1209324179
1504009077
1902010215
601401720
1144616869
937058522
957588949
699062635
936915659
14657622
1722612742
1186618803
981109415
1604637139
642325591
562783811
2066999804
1897745443
1716560385
3512993
920144615
1271956822
1830708664
1311163498
344743320
1756656701
1923220648
1761650492
1896157400
1925988047
1273945456
957997931
1282513476
1028472023
1559399651
279646697
1965530545
369504952
978709332
754962556
384162575
553838427
1941581359
1365271990
10991918
436423302
1928055802
2077991722
186685098
1497132539
2081504716
1106829713
621605713
1764729732
270509563
966349033
1373902785
46246563
580515877
1122576538
1972234610
1854461333
2080574469
1107264438
735449708
1492490473
1386911136
553496605
1861995425
218136820
1308459162
98674352
771975247
1102556873
1463946343
782967165
1538980176
1244518497
713475240
1725665274
594167388
647496308
685011339
1215773101
264742392
955520902
34638486
1638645177
1001767466
615154363
613738067
826518428
322132049
546828889
1933782867
1057581757
2039319362
1173210355
1611078363
1753831139
1391347175
772053877
1852505492
15838775
1874610750
1168968187
798805940
1266107278
266003036
1512281180
844288904
860170424
12293840
1529300243
2075943525
277036232
337337498
2110582011
1915681410
1339104964
578252726
381935829
18139744
900384775
928764718
1951922611
1957966533
820600432
977649318
1421561248
426947924
221512846
46131477
131969768
237351621
1920742227
1300937955
1036157561
1039365858
1566940991
400955094
1883654762
279627767
413248934
1265471358
208087644
690285167
1602808856
171186007
458482929
794430172
749438733
840418758
812569916
1649823509
1769183477
617008880
1460306394
442300261
1594658198
734383994
869248185
1816171044
780515471
1001217953
2053522665
553774050
154672260
942196579
1593139908
1721613251
1343151673
1329311023
2001241018
1756400607
447298733
61845014
299202126
2050107589
233031021
757685055
697054113
982469755
1598103814
1509624029
484809616
1219803643
2126632909
1945116010
1662103904
1573807460
532016356
383868442
1242494856
1312531827
1385086395
1148533874
1866305877
1539758656
2090730453
1311962138
1113888259
1286398478
493789513
967645630
895315437
941088246
1029490644
1194517564
843712187
1262521666
1952202619
1540766300
97507773
1402822785
902906681
582317389
475142780
882055943
379949751
2137246685
308379755
911966107
373631479
1550874611
77014286
1758717874
551924837
1943320163
1150992882
495171642
1107798653
117397494
1781570120
1601588166
1085043124
529401910
395192764
2114533768
1723919474
1238904951
1229571786
1528638445
632187603
1327079559
783977583
1535094285
1909396948
1259120363
269666580
141863051
1248883400
578046335
1053829158
1622514879
2128920946
1130843444
1233749106
533362136
926679960
237258340
1028533778
2034478613
354655834
662620251
1488583132
1439698958
1192022161
1883775896
1406749079
768457987
975197200
488837217
149612784
1607384803
1815916777
933590367
994995440
1577830077
45227083
1264662020
1719693129
1294110483
1842708355
626038639
769141715
1824145654
1756882084
2002890821
210024142
536078396
92665513
1238557920
423073361
447321348
1901178171
1911656493
1887020306
945716684
1647948742
1146285737
1714174671
475662294
1635122955
1863787456
2083047097
1303556084
649894175
930558890
733902513
695121258
47737262
306111994
1989231742
1890445618
932150634
610889809
1567107624
541549070
466296982
1777131766
1077627466
558962495
868206038
1500700827
1006283843
621900562
1264873673
745820502
1567617246
765338767
1892106239
1134308270
1241001061
1379745546
850612078
1176564510
535817982
1500506253
2107123400
1269720496
48143864
7377015
1575832490
2037375606
1897822633
360499476
500781767
1317446609
902048546
967078749
947094727
1979676012
1526041244
1815300765
1332893192
384841440
289717679
450283217
1130661942
1857334926
1215621984
875284533
844159548
309139397
107546432
1694771626
1485703907
643364414
1047794231
1445343660
1913084910
1095938095
1452720675
1341433753
985830053
1203059660
1701933229
1486611820
373022621
456498128
306206921
1320117348
288690492
1832248166
987934465
1621583684
69605958
1277652145
2071866901
1200267900
987503423
1140005237
2075552433
1831662971
1449144634
35615217
1378950949
787364894
678979632
279261532
85224906
444580894
1375199628
1537945581
1786014647
213546033
593521593
1340464229
1700157854
966544214
1796962357
2006364775
139177914
2085652849
1691129293
1127112379
1559752886
1760735251
257280876
1484136139
813519503
1244784299
476657729
741588289
928963622
1925802363
777203506
160430923
565683609
1456183138
439692456
650908515
1900764033
1814892084
41370448
1539295032
2028438117
634892041
732275613
1581112323
1601436255
381754322
1439993451
1740614169
319923524
983639096
720242901
1879676410
596890700
977523777
1216328901
1410410203
74824429
1692986630
4514844
1003788051
1471305346
781718351
1164218975
2036988955
90417841
1603911431
540413823
1991181874
1271319867
581784271
1382993259
1152274336
1216676313
2115268872
585903012
670628920
349539547
2025896463
263759442
669463071
862051911
984002343
401655833
1458942611
1961526120
1617984734
721869167
2036350549
1163487717
726384011
892654953
487309415
1508102362
2056873928
376814722
1598520204
1513301711
917228545
1442218430
637137930
1499012817
677728041
1789412266
568205482
645513266
227831630
1238834402
995052813
106244445
1502593844
1664515884
968296357
339112539
2066171717
279755320
153155012
1536672803
1001624487
42021913
552676872
1728008499
934676866
1039986287
1088627213
844067146
1416801010
539663769
209885209
186545907
1981882200
847023139
1685558724
512126593
488951758
106280558
1157639859
716783388
1345114961
5209024
823027834
700225157
1669724908
1791324191
1039337697
1588412977
2071079511
1192492709
977602133
925220351
1234514622
1530279005
505745202
21707841
422781645
1594372415
865774987
1839582655
2134036185
1075660197
2026128562
1968434737
1922683336
1564203639
333077682
264151446
1670484197
1490717542
980934835
868115510
1495926566
1803962669
1568340668
1018167827
1447803212
460194717
459097156
1371399075
1652687426
1436699289
149135778
739718400
819494647
654880980
761426241
1242276292
101769748
1627201229
934375299
88322285
555377778
813020213
2056757022
330577466
229740204
242351056
594728913
1900224402
1733068598
1575663748
620856264
1081511517
1232142769
41713284
2099679344
532462333
501908001
411292852
1903861408
7111779
1847992142
2052997187
746830180
520003141
560394519
1508256421
1762279433
662164267
987974002
549171084
750486552
1543351780
1362191297
659759926
1873929247
1591931502
902110983
321174512
1344672256
487695933
1896838260
1965528520
1569207450
981497381
2007241805
1521403146
1513959714
361666158
1932695999
1270337474
368777938
1633204493
1175851013
1115608118
5723986
1736245533
476380891
1768003419
250926152
1464354894
169690855
1001412705
860223026
1531882152
1661172631
586668625
976330006
415799966
907843137
173518614
903495900
657197749
2139047135
325219702
1638695130
1998805292
1846622849
1005171196
212987802
1631835200
128025023
581765740
1117556045
1303876036
1697373858
1123280031
892637921
26271102
743799802
1143564074
1490625996
913490657
2144976779
203365374
297889161
1658665762
790034000
1274219168
2074465729
1697877137
1447737782
830477981
207591239
1439301269
1155697683
1846286369
1290622913
854836884
703973918
1503610716
339188436
831998941
2085376456
1456744481
2135874977
1635266667
432540864
881029251
1661537769
1176340666
2024593325
1004680117
2089831323
2022086456
1208045491
240236837
1533268570
1998079491
1514456005
1460250651
1548472981
814710139
143244984
1756064220
106527761
1298942668
1454866941
1397150674
6295904
11357211
753277742
345484341
843356152
691170551
1802228822
831747482
178953570
87286039
1712776733
1840491339
1263626705
1589886410
697687808
1205974381
1464489218
1905733299
1446211218
850274140
1756329143
813183575
163041144
1157318476
1627893714
306286128
765899048
1734421475
1605228796
73282341
984088502
1611524701
84639553
1737366244
1957009042
927995705
281053147
1611754216
1759743187
460006717
1699040255
1325036272
153014408
815183313
767439034
850702216
2021157694
84444604
608951868
1319885264
934718745
217797363
2133068839
1097759889
1375115839
1613478905
1404046017
2141014887
1200416733
861791166
66813580
37021587
325832219
151453133
1774387831
135357613
1079448839
2055440979
1747111829
691708378
367964048
1298668437
2016744651
520978457
2113851750
636700037
1371680673
1987525796
721144642
1980632541
1159927412
1655863387
50946256
1145512603
606139628
1426062095
611507860
2010185645
1419593334
1811924593
724493163
1486406915
1848946180
1050325382
1637860048
1475850364
1185682995
569825239
1383807695
785311177
1261533618
1751771743
2083979614
1130794621
125266552
2050347716
1767494658
1496947226
1890389864
341155652
1330096119
902833628
1997019039
1381042376
2048346231
455675019
659620823
512370443
318377017
2079214158
176811389
1042870180
1418137425
2025757569
2093195563
908513825
1354124285
1131394910
1478339065
590448332
1916706087
592389035
194736428
1853202053
1723183656
320002980
1756066121
1343194666
1816950206
1498972337
1684350319
999562678
254322317
1533885710
233121406
155184900
1989560730
892742229
667555344
160454099
824472739
844366733
1203324279
95126516
722640654
1149036194
1003640342
2076764940
132947457
334495759
519729624
2049653544
926884794
714466052
1755371950
502584802
1034469033
1363954423
1845779468
703935591
715443113
1382646139
1703498269
969765430
769048202
1936619675
1124950331
611125284
681878257
1792505675
771579383
1506350996
489388760
1974903662
1601477513
1212029414
976456209
457634207
1141310706
1109403666
792129966
1661040331
1011573562
1719014760
228022735
619461864
74115914
1262491768
1983416288
1919895382
1966427360
551375753
1155057874
1522441981
1521141183
1924106076
1311578009
498607866
387747712
1993456266
143629893
1159327095
1352323614
633018653
986747109
806317479
1845048068
1963203318
1263951686
838875126
925123336
2056081652
352431809
1936696899
1627612764
580454545
408675115
1701728678
1842946313
244607755
1474140413
1661890025
795983508
481714639
1036848359
169641044
258337067
200942720
668248910
646084779
46915338
811878804
1805411874
1399238952
1444897457
644675335
58072784
1142461877
460395006
1322024470
1981337004
1385518342
1230622475
186285165
1174731593
710751591
766739710
1583406709
264996622
462202376
1828014464
1739137035
2124092401
476514325
73368026
1013457112
646155369
331705093
1214399832
1314404279
977789872
1261315170
2126283083
635718098
513070475
1423696893
1280393433
571143259
418675122
1740788439
1893167729
252528478
978823134
976306556
438813644
6071079
1687058148
1205553354
1589477788
1952054770
1667755730
1270008605
1543708157
1644364484
1746522930
1617076183
510337948
245194651
1948781276
1724737781
1559598930
779087500
838569303
1538398366
1414805598
1351639778
814611611
547715383
1922783037
1233286733
141020175
1668467119
1485815212
1119843309
497290027
1924628856
1125914388
36864527
982698562
567908529
1988919297
502970645
1837917134
1385143806
2147335129
1436956416
854736341
510189429
1682151067
656033969
87443562
1094266349
1435121469
926012866
485181067
702443419
130168996
1299792678
1250158803
2052952034
385595764
1391178978
1573935505
1871410976
363538639
2071225532
1648556184
1489453027
2108090060
483771098
2057361556
1949525709
986741743
1747795042
1187185868
986593224
1037267810
2041922209
1496782654
571935229
550472531
1584226216
1666201579
1985594000
362755434
3898998
540553772
492924431
1303691677
1790712575
398392817
1689287441
1034407905
1972328322
1413214769
1397946544
1896070206
914287305
739915923
1856676618
1398058403
649793832
1658718680
237316499
250105226
698420900
1223909723
1287373037
592859461
573208729
1859308266
1143331992
9951298
1378026197
981442345
372706732
1381925196
1521996117
865631163
538133225
1165225044
1264023980
79937018
52149301
1088868654
1493151787
1450095845
837455213
259955444
42528120
546648183
1658013847
692321952
57883215
1895330346
942427179
756304115
971756422
82316568
1349163577
1544965151
1941624834
345011921
1554916449
1172167384
1326454266
1927623182
406608932
700966735
645770697
944742157
1866191779
1909794678
1024679175
1918341080
851179684
370347314
1220953277
1688634897
630302758
1263481398
87799433
140832957
1955803350
145682648
2036163304
750746881
901986764
860436078
833063449
103666693
257917581
627204636
448678614
1812834031
1799372020
1775132881
1592973565
58497304
328615968
91260614
1003239461
47324100
2001055292
2027918636
1965665180
704751329
250782302
1039134810
245902578
881085060
155132560
333702011
1021918017
2110935910
479384660
910597673
714199144
1381371424
1771033751
1547262593
1485038117
2028951333
26983581
1933716731
1694301716
1826355601
1561365964
1139791633
1884852905
1889981933
1231052247
740608718
1937306033
1084623892
621043706
1755487565
1789375221
871826008
647138727
2035277799
1752911068
802271287
221496163
627345438
765723550
700880823
1537943111
1479922694
2082252247
1161493215
879701639
1419806716
1042960900
906685221
1206039799
589778968
585557174
619922116
1729570601
322926432
362420401
813139200
1063535150
152242786
1897763092
1684578857
1907730351
1539654665
408921217
407385431
1427448817
14348638
1209656718
1648944980
641694076
1975380268
202342155
32153539
1307819314
137110754
1193646754
40037306
1556917470
89124006
946722527
615473621
678902974
1532279701
1235395737
260989927
1855206133
1597816138
1074129128
771257636
1750058924
824408572
308352845
1510305628
216579590
717274062
1917691059
1644028407
731622700
979864129
1145489739
1373316776
807760750
1347831894
1405470316
2115580064
1484942648
451633422
8133722
894376470
540757429
954856249
1509850091
1219660403
339652303
597762181
1480650331
47374788
48094671
407295811
818632424
1798153596
1231704383
1126985269
1160975576
1448283973
1844259332
931182987
944828732
428398384
1911047116
2090318471
1801715161
571324218
1290666717
1059701829
539420635
628125717
1511335251
547554357
1522502187
2052092680
1502410607
884868631
1124269436
1842062910
1482630812
457436119
1889437698
1530725483
864731930
560586475
1181395431
2096436313
1687571744
194887359
1397236639
1384347428
1126070346
194581723
1812745813
889633815
137416547
1466977326
1460958033
1428083264
379195507
2000378668
2056208982
1890530758
400449378
1431227521
1795139791
1902859985
168612504
771925579
1597439247
1651243316
1229361698
1339393297
1034485152
2094093628
1899979772
68396935
2043046293
1440067869
263284295
1292799284
676931649
1389354641
1487381008
342193814
131504808
1624797555
1809171140
1592462842
905397171
40882999
1445357862
814122505
1931413758
1845807240
97866379
1579069901
1601183577
266478883
203511832
1051139176
1917722200
1432873530
243048826
804723704
1379483510
2143028598
873120639
1275046155
1435612819
1136404934
420361792
2112544469
378275928
1907742800
307254635
509780736
1385056707
2116425776
2102243578
142970230
9825127
1400117793
957092736
1941238885
1098441385
1054959115
1372825138
552141315
1321437998
1576336970
1603280491
1091676550
861726852
1846329317
1896400254
93726714
1841874268
622037246
1368772870
1130003439
1758442180
1789134662
1095064260
2136718108
1549393814
1402318896
499015197
786966873
1371261024
453775127
929937103
1381086151
1853892920
1887029839
1174841389
804850658
794505306
400182879
1356991973
2115943305
1976519850
812788816
1060136207
690763054
511634486
809052814
784489769
206025106
1431090060
5778991
1336028545
1042048592
1794913653
283609158
1031283053
1196823819
1685928054
1530298250
1983790692
909705430
1984073377
766244147
143307933
1690482650
505790339
1318149322
347849660
1300295645
1718332202
1704841633
1268755302
1547368404
370146801
181407862
90647810
881781287
990460676
875137579
1087806393
274067088
880916570
276351291
1316115680
528346575
559960449
199915085
1725170394
98404855
1730213335
1561477438
1008110285
1566803065
180237938
1151418218
1109802067
686028277
322083893
1457651727
1986323922
2040416095
1015009712
1107595577
1440300851
1385156513
1289003439
1530948661
119454153
131980467
258602593
1207260546
406047555
1139519163
1483611837
1722163235
1667865739
2043572286
1922078321
1245552485
2141977141
1504808008
659546276
1002603778
924127425
839784214
6538349
2033929492
1525812491
328622242
1344097571
1364652765
221554689
211623635
324764694
1661855540
1596780149
1613768133
1045320553
1716234302
1745748600
1303923146
776011200
4312507
295958662
112139390
1726475743
1963824401
8228028
1501070416
1061893238
2721522
858394776
1721439514
1005325300
1782522202
413740080
1011863649
1668968046
1939552571
1340485891
865581970
1156721689
1562040580
1077205605
1481486383
1076412472
526502106
947770869
2121733026
95252760
546035821
1278172524
871263961
550348329
1574131186
983403351
129340424
1390471939
991631379
1630410840
304881530
994352901
341321968
2026321044
1999678202
2123844170
292577477
864058203
1645328569
84646400
57060447
363426891
1241368089
1619101027
1440632496
575370825
548029852
1967134603
1523141694
522279230
2062387363
2069177515
1800451754
786167676
472042196
1227099293
1769571027
601382620
470087584
613718759
84309812
774969114
1608071660
425631781
653806511
1460266214
401992303
946383988
176840770
2047320872
1031030388
233901217
263264115
124914830
1853002244
1703896612
700285655
253548448
1523547567
75943701
775827678
1438451282
2145121216
428795785
77135311
469679765
1655895078
1846706338
1071062385
2125982662
312941449
1155372198
753468129
1921013110
1581003979
1407274640
1233795676
1982996282
206174980
1410636446
1882833507
1237205368
1644537663
2146097622
1362120198
1350056260
1702510586
2062405853
1603604708
1078574505
2138349554
231948739
369542140
2135987123
660744524
446677451
458183240
169155954
145900141
1529245625
147654968
458841591
537134175
901123097
232371053
2118138154
160914089
1466166729
1953650789
367089069
729319528
1689000648
1604294438
226373543
1687614622
818930988
1576429803
1242641561
733853194
1032550864
173732418
724719100
1264499603
543274558
713222575
1925244127
989952009
1171405815
2094400081
1135852151
553167793
94571401
1594693742
1090301968
995694499
1827064795
1060956475
1156608588
1145747876
867123616
1523697658
1875067404
408640616
980508448
2101440948
2096255238
1799439436
1530387103
1191413151
385808982
415454319
1365145570
1110528083
1679953922
1908420128
1823750658
1457714401
750888490
847672826
1404630834
1886740641
1400840619
1499202236
1333950735
343658939
347413087
1013531882
1404615414
1504021675
11796110
124255382
880235685
1886863515
532895998
1860744133
1840820815
481667589
1512699922
1223724270
1673080740
1898508904
1639178590
890742662
861553339
1171648864
651679143
537820350
481879618
1402567633
1385493176
1886510452
1141824626
638850147
1238229040
328291713
982509086
1585642127
1341823595
239640853
942180155
1353619705
363896235
1822415840
1092999572
896792234
1535676326
786336739
1378459823
900892600
2010061010
904056915
651917856
1501755952
1794799578
1513471196
525921168
298995073
2051291546
1007800786
1701562706
1289301074
746827591
695903684
1928151221
1985056631
1024195397
763176659
1423215111
218535344
1002817512
217911618
1572155049
1366713748
2040327458
517670974
116022334
1428520136
1304007713
1494482157
181929088
1166585075
251055424
833846945
520857379
2045855002
199834493
1046778548
197366427
103642391
2054579334
1898929133
1392943465
653923277
447349169
1173611038
491496261
1471544566
1936787697
1914711372
1690079910
792121562
2132622990
1114751312
11351662
2025466800
1632422286
127373996
1306503289
788946351
1621856153
1488432377
1955531427
1872911577
174795674
328905158
1771282932
374630167
1375683706
1968649359
478272558
1282779393
1720094845
1871216023
1936702670
19960366
897343413
280715283
1491504933
686647463
47943007
1034101195
1478769025
33082349
1368859
1490120687
2058549150
1633791145
1617494683
1217568791
275253849
1091867188
558517520
83301628
817295117
733313195
412206786
441094401
1107943362
1787890493
262260113
1586215921
923186238
1982354958
1309948296
712405260
2002315324
59808062
993120544
1346336609
746455525
1041063551
232954157
77740902
1074145901
234323016
1567861589
985211403
1868114162
1037872624
55296546
2143368011
2129739812
613814066
79185991
799551281
1347127261
491392777
1240645683
307586976
131799622
1502905796
1893802897
1054985860
1337777106
1056267545
1767391121
1192608782
1116075607
613028017
391461744
1862531132
1654091568
624415901
1940272034
580753821
858738917
1360649975
1565965224
579369431
251038951
1621261770
575253794
233295115
87592189
654439785
1032846397
1434719450
1145832563
126008432
1742306426
1277632185
1628914228
1488625675
185134398
819207686
397409573
1952525519
2011816468
1513485180
418069888
255794564
1228532665
2072161456
880210465
1021321051
505431630
1738949383
234487379
2071396854
170835166
485526330
1545174977
746088961
718821446
1632767166
1400528746
1751667843
920002968
398877661
1877676275
514825747
1676509847
1359106855
2003451422
1861644245
30830893
253377347
1666686116
2042647361
1766862528
2084756004
150958278
847911545
2009433812
1031168743
1869232596
367381794
622634478
2103719975
291295001
793469645
441762658
1836469978
1539558606
1160584104
1321753496
792603704
764768299
94272816
1191481366
494960926
609098563
720507565
1854067781
465066338
434668162
1884898674
718443685
2101354278
1780062387
337822565
2038626634
1931020665
1185734110
1900576798
814705761
907483059
120474945
1437340239
863719386
411769946
83326236
1305482044
100756276
1622884842
318582500
1422509772
268004899
1083350799
1516782588
1459486265
1578311725
2125881152
32510182
1284895858
443463842
467178344
1022310884
1161907527
421048974
654889624
1499730093
312191960
438426641
537980555
65285110
1253132402
1445463614
185760055
542988994
161699353
597530001
626315230
1467181397
698286277
101716425
1785763898
2120796049
369721324
721631049
1490094990
1829207589
152459127
1468492494
1861717771
1437354985
1911956336
181412467
312182222
926380215
602461441
967071846
278626660
914653401
1405498487
816607216
979938511
511147242
114587182
1165698567
1054136236
276286535
1763228568
1680451466
1743467933
314031198
1782167891
1381748183
287343599
4405567
2103379232
1777438589
1833613156
108354711
1098447435
1547847279
1545709697
862920123
1729259746
1857891919
1789300339
184237539
677480117
2067926999
1098890940
2082978604
737050567
2078829452
446642198
851637750
1097044371
1500778434
1127924285
712789291
1033746253
723908570
1026820489
668430496
2105656753
1314164089
672836064
2061552338
944119030
358965572
22423401
2042566466
1906812852
1568133098
758002941
1488588950
1278541369
399819632
1672826490
1956021486
320262984
624233782
1891516443
1057313551
555579586
190674993
1908951301
1652623957
1691453428
889391939
217929601
577716033
1613300509
1244750090
1246146529
1571473615
411430531
1918982593
1485542305
1355549562
130464518
1507965706
1250632380
2037277370
928615157
2008635321
1378382672
59672878
260971306
903725514
2015694365
581234290
1527959297
1759727160
1638547841
2083538883
1950402153
1400015495
1588679193
1494371933
141923786
1806608794
2072087966
1755224295
903875236
1170750848
1179214262
1315305768
942249793
517272919
523371682
1072714311
2025238626
1774004062
962508033
806370135
1635155735
193407058
866043013
1896127041
1097132572
734253730
329877683
477608221
346497242
1968425525
413663457
149415748
1220957372
2002342650
1643787681
1362881158
1661467796
1568392000
970621805
417859384
591659200
2352420
1733165152
1533908993
519625339
109053186
459139657
397380317
1883057248
1421647690
1203750452
1370729336
1615054748
2069793466
1119372729
564703673
656563548
1449250413
1042311894
1003060791
1270192290
1455975351
1152476539
343666014
1310834353
648780572
1706547172
824818501
69688924
529685329
1242677886
661348124
532037749
828359390
47773470
1051663089
937412577
506913127
1449043406
672986177
1928560817
505310211
2043715513
1396131918
427620029
1015604595
1960835591
1084183577
317371360
855663837
2087244368
1587563650
164155541
1092237259
1931229664
1474989894
1741017832
1490293188
152324748
1810706756
2019978517
1395002634
324571233
404532619
75878376
372344703
1456195708
1013290953
879257830
757755466
1686277131
660334999
1263065677
1582508996
2056466917
1690685706
450629943
1869818860
627385636
768001303
577999050
567146356
208081305
742154591
1659383616
2139310969
69660837
1252917800
1482120509
221985585
916140908
1354615379
1616988219
1240712141
1759147998
1692866596
1613056844
1067860058
558673901
344831026
1825615524
97467384
1005166026
941197554
1679976381
914149295
484399612
2130606324
636484508
1111785248
751123980
1214483558
1678931605
959205285
1956638149
1190831573
951032607
2026298986
296265725
285669468
100800924
1212406633
1640284847
1717789143
305635127
1251949197
1263172091
1918691971
172325607
1821845993
116039350
1997941132
1919313377
1121205376
791655038
1451806110
2035354671
1276054650
1434928787
524355531
240356251
38569119
1738839089
1919287856
997774404
1547993590
962635781
1948807011
1426808929
1258901506
86992832
1527609853
323824491
1727277679
1097915348
629459618
831743229
213603792
400667942
1004068836
2035449785
516707292
854526320
1807279514
1637912668
1646181358
1111601977
1525783691
774752361
399047116
2050139223
1015108612
437616235
1641494664
786912820
1435390639
1042004607
1749548601
1236714003
321329888
860966459
1323706835
1848939741
1184790950
903500866
799371441
1814250569
1735244095
1012975233
67434863
591829284
900941370
584142155
1446355604
560737237
74571175
945053315
1672339214
1600354866
1719805676
2071386330
1503010441
587430640
361518917
997021458
1374343460
1796909556
2039026065
976408413
886139911
212872305
1837374872
62363098
2061812046
874682174
965863965
713699839
541449095
553624412
1726675073
608883958
1145453696
480132795
1193026113
444325653
1040870032
1267597288
1389378968
565725598
720468507
961700996
489628280
75995300
1549131636
851147197
1073016758
775991448
500573106
964559175
1752399861
1386713017
1177431480
1442291085
1449076116
1091759878
169489611
267456433
1805459718
710938707
821080845
1384651143
1319822665
1966534542
1864783938
365365131
263376547
758170323
1632962419
1652755515
1323895921
205947278
466972863
1813524202
281942579
2016104499
517187751
1354959337
644612299
1017760857
172034865
249528512
256990227
1349466345
1691819597
1706066343
293742576
1861309208
1973522776
2099202294
424764267
647119973
1336369789
1744586933
466170867
1053670079
2109952064
729547414
1811840402
1595430835
234819281
988252676
1801378114
701792144
654293230
2083320693
570412995
1171480981
1290796382
1215025294
41758191
1462831247
1464553806
298748418
664813945
1008889755
2004814761
958556521
722715316
1830853889
910275167
1147479583
330490214
99161308
744582868
796661082
1152831387
707051284
1526208496
817188142
154998472
1761027778
1805440818
1956376586
315336274
312250400
1892213631
885749270
1483731381
1035526365
2100774564
1525489572
350873965
1417844723
1824237990
1015687910
279250830
1681569103
1974244431
1001966146
1364939344
737035950
1962082
1695429559
836197258
746544950
344606993
1989028645
1453596235
1870815489
658733139
1608594707
1484359619
316690309
1417487645
1799695894
628940709
1162217628
537961516
2112672091
50260345
491252432
1490678015
401134310
1909097155
1167432358
1416822220
40864338
701517813
1243583003
1042830484
2066457158
1980618953
1044792566
1614403069
669332563
1791337517
1959010062
510877561
1097450104
1682341903
1169610700
558561163
1019217875
1486301010
1976048808
671430121
2115241719
990782788
1209391637
2080430162
1041043133
1700644069
1423624530
1442177444
1462257577
443573240
711516016
1503121915
1145091053
1955099020
398468751
1064064563
1788234325
1443261318
530983984
310083241
1087115187
342510398
820960802
37081643
2024852302
1990571502
595642806
896586529
1329388864
424207966
1568016650
1297146936
1414990754
629924639
1230093450
308550239
183085060
506234332
1750727683
1645342637
949807572
314760052
1000980904
2094898626
122375424
1399449656
1011479541
1910609749
695227326
1542463526
73209342
1782342513
1884973924
894170144
1819424156
1762342578
737257999
267583314
511445459
2066646863
691791280
2079462109
1216310151
2106782034
561903100
298919954
267848625
744988161
805154286
2018576309
242847150
1754961859
185852713
1243828055
1702376837
308228137
495794063
566372730
71354238
1191021389
2108836256
144563581
825880254
1846326533
1038733725
497820762
1461185463
1775991724
765404076
1972630923
1695154940
1457195356
1904609384
763981443
1416493742
319028837
1062901397
1684342367
1064016998
1868055684
1555435028
1306864148
1475533895
1741287741
403208555
1030427084
2049515878
899002618
1596799814
2120870117
2090024007
1558152423
117950050
768420613
1256995308
1156683775
1266241375
570697123
785191852
2031645451
395844398
332863144
1341357159
152970135
1096844587
610367253
471998972
12262337
147225973
1536015970
1880318021
1702661001
695396470
1208368268
1296465095
1098605026
91311704
1198497325
1997607644
1688111518
1171883794
1940148004
1098780293
1289833844
561084969
208291953
299033972
1827326345
778989077
1084225824
1711488148
1174833475
1417088968
905361660
1327803610
366449907
1515728913
1799802582
378712244
1662954886
1188334904
111546617
1218132240
1883731375
1319914885
367113687
834852753
1411226589
1565611012
684976749
951854460
590011159
477641105
2050634753
1879845003
1038726075
111443059
31395327
718568772
890432136
1115621151
282573272
2065265611
385226471
1187934932
1245585574
751676379
556180198
897904508
1130388623
71651436
2086239413
1241935241
1289783676
1822487140
414366478
1656897363
509856245
1825593068
1075024728
1194832994
629963880
1665035887
1672474100
533114985
1397397242
563716527
644558044
1428792570
1282285299
1534990180
396930073
1564858571
1452772144
782156545
605309856
550874070
1533832924
1161490054
1448778578
516737899
1233141490
1387534343
1758673140
375441519
1062537835
25555971
2032338882
1572394080
1851149039
959879962
619743427
333629271
477432201
144733879
866744256
1874829444
708450406
1511302301
1156138366
1990735705
898808833
1553068439
1408110628
204097329
187741336
2013420484
754971399
1721574260
1027426890
56266330
90828512
113084733
1443800673
1849501652
488526252
358854861
1875057623
373381486
1931248941
1578723014
1333261449
403508720
1912352285
1810693650
548242599
631612894
1538039446
1256693005
2142915195
546694164
1099945062
894240380
2099762604
360572043
1098337710
140020292
226508879
1853309109
1861594553
1253935770
1909575439
1952423065
1367020503
1205892465
1654441069
1855546755
1564747326
1382015045
81444593
1348512619
813254411
1414706042
1752021340
578123049
1077916045
152780291
1209735943
468471843
1409473297
1205167490
1015166008
361934711
2099407870
967444964
722506754
1050261932
1107465256
949015634
756087394
821576161
55467756
518179185
626515578
1422488259
1724071650
133473000
1130551366
1141335328
1515488045
1211995959
342364300
181258808
479218354
2094385640
759381857
1557134399
99682283
1969117800
2025606242
1509155580
1026801642
893288602
1871090292
978725865
1860733566
446113398
2028987797
820715175
1395129032
637591543
1642291336
1450596788
1155770729
121323267
725601399
732358731
254796267
1856152765
1873694060
1770284312
920665077
68574712
1951543120
1399883431
15476704
563441330
809534182
115158987
385075482
687656776
1624314568
1411877125
1580945379
1347921212
243119342
1294195297
1794034610
124623491
2114910472
1041679995
762215035
1609718161
344793135
1917985764
1731041428
1070394535
502860847
1985837695
779063652
229071259
1608638359
1699728729
297645971
1412697831
952128512
313122675
1976139161
1761662694
428281663
213730996
301835823
2052596231
1625608121
1882781202
1253033795
1868727463
1029492851
899584757
1993350954
996919676
1941264752
608082341
459154189
138574240
378584457
42711969
1208968775
881445305
2028549664
1988032427
1110516564
1489704375
1540277509
1408162536
754918558
344922373
1721285211
583574072
2106585068
2083226
797305068
260937243
2054679457
275429541
2143718445
1160229604
2144157004
1025727648
2059814362
1990024310
2022647324
1853595466
450623004
334317865
1992169706
829207461
377029834
1053654833
1710652766
258095850
894203613
673685683
1747800225
286997474
2081848219
355235136
631919847
1655649782
938809208
591021267
1657733009
1736114276
851958510
1564928818
2011543817
848193307
577674775
2008217173
1873920956
490005489
1850757835
1749084632
196117307
153897191
2083402498
40803366
983104653
312948684
1094458199
546273771
571044535
1988661812
1219959454
171361112
128175638
1154324025
526596248
760095486
662490160
1465405456
1351116753
172739521
1054036084
55591616
1737668339
918096253
903784923
167859466
778829778
630222231
657864955
482103966
231823216
853982263
636001157
167742066
894785629
1619105810
480690750
1989243828
17895934
1051735285
1830421993
1237855388
1223096398
1958597631
244695766
1749692646
571209469
907185926
1067614455
1922326223
1079925447
2121650539
1977917839
670110138
892263145
734219114
837969605
1671092923
1364441346
1495834560
5713241
1596264562
202333175
641714399
1764006628
1097118804
113336561
97213730
938878985
131232495
1148949016
621817330
1369087884
224561766
432931313
1613783650
1974254412
1004140783
373485928
894385219
778983358
1453411375
868552111
609417549
2123521513
1760815256
1343636663
814007470
1284424531
560594361
162358383
1290137773
9375275
364691558
1931852172
1773381903
1461810363
2045188733
1870595634
253205700
28937581
872061002
875023030
1398025465
1096622768
1307954343
864325467
923393532
164611478
1237811395
1817778752
943594836
543739122
538847215
1553012385
519776987
152178823
749165401
1333784458
1436603354
1309759762
1496142841
579257479
1319135038
1860834399
363626003
945033293
1175161114
261331089
668145279
1428366814
290268670
1540206281
155906196
1688294135
489345401
1463860540
405135954
1412738934
1628472018
1642947349
1083034038
424583207
39202823
1621881253
1977595592
558979810
1774060076
579277345
1892764268
1063179782
1889037108
1241423461
1642437262
1060688498
954774213
2006063265
2005721791
2129935327
119910706
526383423
1410818494
410179376
2066589704
1566724690
2098473511
408451458
883101582
356125817
1821190392
364089953
1999073166
756740782
788673160
2038275989
231138387
618785104
449772152
2005198463
1198062450
195052772
920894597
939615910
1436476234
415848211
2000304408
243766799
274427829
1858542551
226218478
394338535
237442326
1637036972
804517912
156548383
1056278015
755507775
564999841
1939379597
1111633593
238706585
155985902
963223111
995447367
944659062
854015453
1226585754
1563444167
1303787605
1084300569
614022969
1498840377
2005195166
1553638879
787832963
273559730
1406459639
1031599762
547987559
1117518542
1257818241
942326094
1354960869
747371565
1746844006
1511509252
1803649580
354868134
2076509093
1595545530
1466501727
167732030
1751531432
282241190
1163179397
548706847
1136256643
242281503
2112151014
292560600
1326582072
578690335
1791400978
1184293590
2132329214
431750293
1457853320
1391305205
1463350056
2005840879
361340099
573684649
800683326
1716300968
1321056214
400043684
1080326572
977222147
754911818
1009352017
425284029
73929897
1177084047
29331813
356171088
192779796
578038660
1492427731
435061299
542706026
1784988332
1761643371
1121396361
1428905662
798453314
1106241927
1860655955
108822986
350063484
1176522363
2114663866
711403584
1750207012
767863544
280220904
923779579
1167907228
1360547477
1901001726
1922819047
222415846
178802107
1996748944
1399499894
208133920
205436384
1592279690
786172581
1697864116
2027340990
1328878607
1335368800
1641500713
302791321
616790814
292470379
1409033248
329963121
401293366
1759096733
1506485485
368473584
323016669
1109208849
1136337128
603237573
2032988428
156760708
1963785050
1786506506
2079579755
38717249
1965308613
1928845052
1438217143
25958886
2134281436
883013185
812131467
1684661904
762870527
2141010074
872547056
256887593
296317747
1489337870
549357972
1705350996
1819300992
950651338
1316964081
1178302829
1319124922
1639980750
140028030
307978402
95734675
25532811
464739111
2059519726
1812039317
396835218
2098236975
1629864283
178196622
1388970470
1655823169
164994411
124500007
320470988
1849656315
887370535
313997414
574719724
1144258128
610315162
2064057594
1693616100
168182510
1735874938
496783791
1485146591
766694119
1815908713
977643693
906722150
2123887116
1073378368
932254961
441142579
985414446
596810630
837977797
936167773
79191265
1016174420
177654595
1735014434
1181168831
302154603
2055485422
883341498
1189525138
221999189
1458061222
186299618
832314351
1374635169
1879915718
1000496861
963026459
229215861
338159804
1729720579
2045124575
1315803497
488959081
2021528043
241698217
1421214042
315186974
1227112664
2018024672
1153164771
15796789
2097215938
21855543
193451385
1684746724
1203024374
495605988
1592748499
2086365873
1685131126
1814747688
1396943447
1871430744
499578391
624094968
1603862814
1500075252
1587121428
1833078676
1838235056
1169358359
1730719603
1006554905
1658317440
1604763998
1248253122
932047834
1919950972
327882138
802588858
925632095
343678928
752321148
947487639
537130313
289584225
3028365
1032736301
1882332724
2089394238
570383779
1549596764
1338854038
294330875
2049175155
1962949006
1898193689
1401766759
1402586786
1583788717
1092518167
424461497
1167024672
2099073072
2082778937
624305022
1199842546
867343123
396772346
1527724685
1669931982
1322404442
1871403613
274769482
122408433
261050278
564353707
125436798
1293786579
299202783
67347389
1864170358
1848799547
1406201427
11017585
1750491054
1221666785
1909211274
1004774165
476769924
1345516344
2097292332
901231421
365057368
2048881756
836526711
989362391
1101240655
1703869834
1386134737
481481692
1226318168
561055531
205401657
1501087651
683463964
466451935
2065441358
808900763
1760238514
217160494
876248152
1476925224
2065960041
134965931
1487942809
1668967448
1356632716
1249670435
526257965
1833402640
447703131
476066650
587150414
812760500
377464758
1423677125
1802122891
1478705413
980063311
1040773980
1960187105
58897832
1601829512
18105114
1559985483
137809828
484557049
1477943193
946710591
97311915
1695103687
1822958743
1574237139
1613580081
1957924674
914696300
1135063881
1167073743
16883088
1661321846
852992735
464586219
2137388496
1440143149
1277346719
367369607
716336626
931985962
1846075020
1696399938
1972759943
1658778478
1755297770
1427105807
1676883592
1167799605
1564915635
13956994
498259150
364142579
111268909
45879190
39617674
1685506049
1659459271
1997542349
452718701
647039504
1017132444
469601789
160877702
1870125179
934188009
150782551
1162784681
64051080
518152158
1879121307
996037043
216743530
1428037597
821313338
1875522008
1035851719
100935497
1404921953
56167676
1665851132
1418878947
554426827
2029993711
1530147856
600306017
2069611386
1068170257
112281640
1919670087
1520888959
759321144
789318883
1990490748
920198846
511960414
777195109
1070981397
1674745095
841246190
1589133555
1406382755
1837283233
1805877086
686936704
511112923
1533915446
1722788424
612048420
791353751
1778956100
130415904
62749050
185899279
12925968
1592896907
786205296
2082537354
513583516
898486936
1854723793
2034472475
1657808080
496559028
1877479576
430523279
1008519442
507191037
1501504676
535780890
1348437227
943154584
1942163645
1038236812
601548022
481616701
1549349735
2135463468
56921477
13914507
779333572
1835877578
144330412
842082622
2021776857
157256380
287495881
660498506
92310086
801079398
1558985442
1947033879
688068225
1069309875
296109259
418064153
1499833154
1304628701
925255191
853854182
1840409591
126208770
1797008766
1635089588
1164445583
251073140
2116706290
566311670
239052961
26144119
580226178
1018386533
1862021697
724556590
1860469155
1736314907
881812970
481389
249329765
974123056
801560787
1808315207
773673287
1489629012
730141434
1069782546
1907693166
82490940
226927599
685464709
936345123
2067337191
811673479
585870241
1554943131
1976119062
836943382
1524165773
394947085
1075996343
1550309893
975173263
2094382876
1264847942
1699729853
1807368383
853679201
434059175
1807849772
1103008966
1408182231
461926911
763840526
34371870
1951555924
1493981960
1104154416
1711765442
1576472901
1331082015
249746503
365334376
1250935558
1061419982
951204617
658395042
890055397
1788147999
35077167
1285002482
716660694
1585387060
112692097
663559922
702751355
1812421950
323444658
1556430556
98997477
2131294430
511955875
1507179708
445737694
1275796401
1541551578
249809970
622294713
498222346
1961575412
51283966
1829304361
63838267
416618342
932756272
1125258249
1367822960
1591151314
2015313646
1008487311
1626228481
1152832480
1725148006
1064131894
1265524577
241224280
1766883249
930462879
564668938
1175830157
1029460356
548479721
1687786032
389156416
994217415
816098785
1930707994
1244027385
1438393499
281446692
1058119149
1489677465
2110751054
1121957416
1906295808
896023678
99732017
1126635120
339691344
2115045664
2135122431
1965919825
1120394496
1712786789
882568071
238435426
1954011070
501967672
1168898305
371196360
1677797830
50875014
919676081
1218100214
440031430
1913893496
2034199000
223255777
1010437233
1325108851
504702469
2068556382
667302668
467969875
1043030150
426114828
1363993553
1142762168
1552749948
1703684897
1110324184
1540388732
1522121075
83235032
1105691873
257205498
321670458
912219295
759173171
1490568764
1283415656
289487353
1541443778
55608089
1507587567
1981475208
1969501586
1394302919
57247337
832455171
571928122
561949807
753527906
1239230791
1029919682
1796558056
1665345619
246429588
791836576
1070611920
1950114485
1902160760
463517004
1324751912
1985395793
1569208877
1581957411
159582603
333944525
193646934
1650151367
1617360181
483134287
1044111497
1672968270
1990721854
878103058
1494986208
1237541126
935350395
179957732
1809469248
1497300202
933485638
901216391
379736237
582560046
419078363
626165825
1374396623
1489690283
428796662
1129073735
1953207287
1753548575
966985880
1374932516
1188022338
1126568484
1708877041
1381669272
629236203
1178753574
1864803559
1673347701
704238197
1708041765
403967111
51740757
798099243
1339317506
231698489
460084844
689134061
1165184127
1361301235
1068870298
1747744174
1780379598
1695036123
974657149
1122586233
2123832785
2103730884
928309872
1729897712
923233117
155758741
770436402
2049801601
1864635782
4622026
531554156
895905709
1869425585
57418209
1600143906
1429983703
461385320
1651884663
80599298
1800702827
1883583153
540684142
342353240
901283632
1901985378
1411223538
501544158
1534881328
958776013
1476201307
509983914
935125150
1432448544
1438293786
517539215
208198013
1594052527
1287975617
110515966
1311204662
1292597644
642070122
59626723
1014539581
699488332
1659770629
297039636
1160873652
1164171644
377638935
814092831
900271149
918323077
1156446071
1801554782
672824807
420185961
155615292
60222488
1378961974
1631816600
570206402
166603477
916781496
2008500188
684142692
1124979509
1455069068
1972118309
1235495475
618790082
1117232305
1877565597
678416805
2131771887
429570281
190703786
281327875
1590443934
1354875430
658966810
257053117
107662932
1577289888
1413499189
1909217714
102631047
1833685150
2064833006
162853535
1065163477
1549165958
733059937
1231766954
318463806
594076478
1915909646
1443443315
2049145546
1740544307
531455142
520451980
710292965
261537092
1198868785
694581204
691107373
1389572571
975909079
134067659
596964353
1634875890
391120777
704627285
1064682130
1804619966
466361351
1167313177
1490821468
383710710
1330166713
408501297
1932876668
2063226650
1640268251
103856827
509819480
1408694249
1547300142
411481378
1001754909
2078755285
931933358
1712047874
192808729
2130802143
259145430
883916102
1372891066
1235054509
1017983762
1969855420
722446751
1409104539
526999057
1787128881
1066240857
993360409
806958411
409578677
1377071119
2137125124
818079975
1162464139
2052868126
310864578
1266320966
415203959
1719558828
666137461
826685337
573830089
597409098
1758618696
138394315
790217827
1741937191
397539745
1674133929
967344610
1632594254
544634043
789716382
207557358
1953738582
1316715439
1994686239
872495791
162592200
654161002
1282074469
1539663319
643802478
2100154444
554643811
549186957
263535374
1820964777
964390916
1983094202
339618590
1791076253
409440643
937027688
1402211301
547834958
1727245515
996664845
945374703
1253895797
1964009455
430485310
1798529840
606242189
638042668
1604784775
1922957628
485245259
329796918
2085549829
1139406262
1611871387
1477729500
1783208740
1564542183
2032373311
184912049
1828077558
1705854441
1149302965
1663688112
2045473031
792895571
2073128756
835017072
47623224
473480066
414778939
1044288069
1418854770
1668674736
860813876
1849340080
1319720929
1467056065
339899100
777022056
1242530046
825144359
1106818974
1180596227
1964550621
571206714
510842079
1600275714
2135748897
395731743
1785187763
1816342807
2101586184
787007081
1332547272
1999575567
1579902652
1258192380
687108991
1627525876
1731672446
1101887931
524330298
1003043568
623079019
1385144174
704900000
1942799948
704716592
1044799100
572338356
1947246638
1869943460
1679157331
980359217
1687010433
102880397
1491201296
1139802499
91145646
1886933039
777506615
1907488454
1841035575
1564513696
1092552078
1693127495
996932700
203260810
232752838
476974928
1934933256
1334640769
1001305226
790493177
1957719789
238965753
1495393177
1753036089
943682345
392708630
177890798
743445335
115168442
1857048129
1723804552
1802178875
1959928526
1067522200
794497727
2051074172
806971592
1572004342
1811078978
500523519
989034390
756147408
46167366
1985967090
959408218
278920205
315458370
746857827
1613560974
1316763597
1537351004
1423797115
1555729350
885260533
1029349557
351928047
1277969163
1207240355
1095373382
1393137605
916804836
671694286
1047832833
729249714
1739216486
1842330560
632840238
398704430
1266851254
296435569
899227950
108401996
1052582977
945395316
2094369086
2011991196
1224315521
262343808
611365375
690392848
1579107405
1232731
2114189963
987353107
886493264
996055872
1339281154
16978780
55812579
287170888
1410116385
972617415
958865174
310465570
1701867129
550598013
5312482
187223720
949302443
1272163736
483659289
1848530393
1380565732
1536242266
646442062
1327451170
1400749814
1870757583
1589794979
2012115189
413666783
1021418736
2013347920
380373099
2008771844
752357537
1376428971
1200569350
769336317
1432241551
1487740239
31969054
257375318
299121765
342434625
1959242448
849719778
347747107
2146466168
1799022222
1619910844
482641809
1500068967
852992928
2018884075
2146511029
32960451
1272150242
1869784965
1622755430
1136781783
135968100
496690518
1002646056
516341199
357978714
1755003593
1892770171
1558548065
376856262
1177528074
898804656
408825316
1434903392
1197926421
751259941
1246662192
2047646200
1099007049
1245644712
1699184774
571434245
1728286521
1051770093
1424427173
1599686949
1050797475
1457387624
724353543
773098792
932659406
1861135326
909066892
1429349925
716297734
1425408092
1787328639
323817679
1170694615
1198393056
700673941
200739041
2097197712
1109499258
1635642433
1147640486
1860759199
734820978
1047803038
812282600
1980465690
599504164
1383716845
1561268564
1651274257
660660371
1013471865
554588084
2118047995
1737825408
1327686876
903223754
