5000
1706169824
1522125911
724915561
786378777
1593391898
1466809380
941107993
1454005884
1478934695
1033264099
2093080196
1118422829
1898723730
965142386
1176276392
953509371
660471679
645689693
1078878913
2091189601
1342875768
1060840485
271240942
162247433
197845850
511634536
1220778034
1895261953
907484818
99655610
212242542
466170994
1621781521
937158104
1252549771
1067689771
256483836
46174116
374212007
1735418531
1079438216
319808556
706357712
830678298
1284950942
1882634104
1784187669
1945422621
380840149
715582934
1889128575
1723715917
1776423419
12885869
1885963350
1974269270
524520405
959257736
1722047575
1432005224
1058913346
1934290118
1898176218
533211219
723964574
1003242342
1600900990
980448410
1049416458
1975112998
568383293
2128854674
147437906
1274741005
812049324
1432388848
1009891461
448753345
1230327822
1390731610
1164336280
971972749
966963879
793276051
984858618
705443581
620061673
1509379024
1664701318
194625601
793900600
576131016
2128915719
544593170
1109342236
705396645
1547835512
562759578
1685845055
449768323
390388928
106744700
431139349
537826834
1381485705
1243188674
1970215683
243893518
1691942019
1053059857
1634625128
708794651
2025032606
454105359
1502070703
862407576
1159548940
2122132376
224302952
676766610
169274329
1018203552
1252897627
150706400
1562796723
214756215
856103045
963148587
777515793
394464452
1412916910
1167904722
501209152
1844056260
1705731556
1882694857
939761286
1528463591
2126588375
484219657
434039800
1613729855
1193014309
311588758
2067835214
547601364
1173996335
1079900507
522250092
1398299287
1756667117
691524422
269019192
862081096
842230822
1831815915
1076837311
1698333868
647480854
1854353105
2092798320
2060397765
874774179
446523825
1756970377
433022087
181735034
549248015
1961485679
160839762
1033467672
248041831
1774569617
78998333
559630590
1694921184
626599697
1733626925
627338043
1148849790
984442564
236521512
1840374212
1253461756
1098602609
535121386
937794023
27956272
85971606
1585274878
1882309377
31286279
1498188995
609599908
477810104
1107675724
1042621996
659545138
1656923739
856624027
820384900
542907763
1104665858
447470870
621906097
1664296448
2142392054
1248505794
1250439725
622246449
249871936
87398642
858767961
2090246148
1340860398
1957370570
477883887
131170774
1985326843
563855493
1716445652
1720152572
595141772
1067150999
182268833
1072951876
27343075
1224890829
1732497015
1684266814
2081514856
405398267
79690929
1038697066
852869137
701597026
555509867
847777543
1950102821
1805949592
1470023992
52491109
1893348234
181308306
2142737258
1086724985
2138678876
473137497
1217895759
1976522071
1036992990
786857763
1549190996
1632134763
1854008762
1731459829
557602991
1881351837
808867010
142616358
1418135003
742898218
548014626
1497825932
1781595284
1400883763
51939311
189621503
101177659
2002042132
1995571096
1571201651
2054533241
1741435682
1752509957
2049786851
680677019
1743705186
375440700
1898572778
1572743609
1412433691
537946893
974450957
897084806
244472007
558427138
1454687797
2125823844
1367294148
1597304156
1396475199
2110192366
2145318782
746817484
1744304003
1398718897
798756795
1933925506
1499896556
653315279
1782012954
923614560
560364872
1375964989
528640869
462668076
2056642008
124862407
838108776
1807731139
1697606017
103058819
198194384
524573326
1000143625
442666392
1083000465
307347775
421006588
302810965
1904651931
1817481788
265519684
1902487065
416815624
2009823687
1153722314
1215572419
1796265545
506135223
1868887698
1430794852
1429749783
281768922
659276193
1958390652
744436998
568434553
2083253060
1582545775
228682044
1633375429
1685604594
426876429
10465107
538264572
869542821
1093465572
845612347
1290549409
1396276538
602780630
960547549
1661796222
357784047
1377363173
1524136261
1511506361
445451944
1172918158
2017641584
166855994
456229362
1299907719
448624917
1115505555
1110814724
1193061915
1683940109
1046584136
628124042
1912622153
532475917
166244989
192014934
542941024
704509561
1061557755
1636406597
1550121908
204623517
885199487
5418890
1165171066
399512061
363202937
395050592
1923648322
1874709298
840502536
949082832
1744867235
1007358531
1405312195
897291306
1455983448
373334102
2008106030
501561715
2057274211
907206518
1129685758
1822412717
1439682435
1295930747
2014427651
1982623460
2000440308
928501759
1471546409
1403078568
1133125276
209262248
1408497458
150812694
608774309
1771700395
545863286
384938983
1498926045
1386365823
1334021815
1096309632
246240706
591850362
1993600939
1702224154
965184465
1854223321
56302221
874975028
613946192
1185987979
549904097
2053628627
334435078
416848101
1888768439
187391738
1345349860
1212831200
1590470306
330991488
1422093448
851484116
481804182
2030867757
475700863
1027667469
268323092
1974626909
266549644
1602344908
923452893
512790350
46711622
769570184
67530856
1011896087
476309858
123833077
1886871116
1090256050
1309821057
289291565
996401029
1644256135
706139666
737685821
1831647874
2051489526
1950517021
1274634532
234997366
1225126822
2126118649
716801549
1108510931
454335864
1744469018
1376834024
281479125
2011018662
831695284
1204932019
376325364
878406906
1974502203
443856220
1890302994
303328413
567689297
1629690462
1393584463
1877510354
1918982027
242501845
1374282842
477638046
980187666
1058447068
381643924
783221039
185597952
616641291
2008347861
164232953
1333442840
969375145
618568818
930428210
198725521
900047943
793963224
1030420805
2104979962
1170288588
1908827711
1931998518
1614144808
1651647057
87843283
34350457
1133853871
1481427747
1911860812
905352251
1723929592
1138660006
1382990297
556633610
49623426
1764634221
1339854649
235221378
233791864
1200718863
399454332
1567234704
22610360
1018023150
350179266
221335881
1918071093
1144142490
1251756686
1875567408
166947430
1013100749
1660082278
1781092238
517264159
1747925561
1815442696
1651118030
1081869660
1579819860
408986633
658315604
570996218
1791976930
1214949214
620619644
1409127504
407320216
855841022
1642919368
1608039079
1255295354
1062670425
1630649439
125834856
1412849691
1851985320
2043905950
409508534
956258358
1771989710
576455964
1969359107
1284588340
210064555
339139618
885030253
2025507251
1990257649
1966899914
1457843463
251760634
477731870
2028839681
2043737565
1692681085
501975677
1305381421
2100001301
1357816699
800817141
1560556732
465628406
1863487566
1043722523
591463262
1128853610
748224195
487885564
1538362144
1704482553
112391626
2114818108
1526358012
1396979966
177399015
1865497631
134526572
55422618
1708271632
2101426486
1513266081
1960032266
431674708
1394622114
1856286183
2124355793
1896597791
1014183956
2076873446
1106930843
1815001098
1489946530
1572559249
1531005016
386185405
16538863
512374978
1134409600
504424428
2050737122
691408505
616816054
2018071583
70282870
2013796021
47986950
1935780501
838945
103409569
1496568485
2102265431
1616675650
1309117103
386456491
863814117
1017919639
363328637
612928260
2032103595
292718435
1719859103
1699621045
1782664966
1144934704
1083142414
21366723
1161473568
1595517392
1155776324
1665897996
1498770867
1847184829
135230402
1369358802
1917467699
1542775
1417345752
1705764552
2381720
1520755321
1054849389
2104647151
989947324
216482845
343619995
1853761441
1234402484
706948632
319206053
1119022431
999667067
2039065157
671159829
634848385
1036516213
1754302243
656215109
50506133
1202335987
1811991433
1716404129
553623206
1511692614
1851634532
1922982008
1281676666
1853177307
1192844113
839957570
1855559028
566115786
1894806960
1812722531
1556063110
2111289805
8858878
1262340903
1198208641
715807510
1581546957
169747424
1715474578
1473128466
840907253
202839315
362161031
447725848
859054424
412667165
1650061836
523562209
2129071294
56201394
2035254824
1833222178
1979183403
1169447842
1538915838
1024543868
2009405412
1246991218
1590659654
1756728724
912230101
999239117
1720534881
921088980
114096372
771259874
1636896490
1695643329
941007299
1204887420
1021288147
1781914552
1407726736
1383449179
82156753
119297512
1796116344
1732218589
642859722
1777703990
1788419983
530630898
1463442521
1620119738
1700078740
854874711
497179958
1562000504
2101865929
2087839613
1171245581
866612382
939595082
744296814
1787701362
1053691454
1515556689
1277114205
601851136
309080340
334517977
1623139283
2090994892
1742244713
859104814
25667997
1861542226
507737510
1757886586
356918300
137957853
1398822922
887549198
1601400374
871459012
440144290
308791437
1368638971
2002144794
263173718
1308994936
1025906727
1129786100
101106370
1770203542
770003815
1154797824
1138276583
2047118020
1756648960
1447356923
234152349
1232304596
1390868167
1976397063
2091409410
1416536165
1690455641
451663273
1026939103
2047373941
589621126
278278377
787439491
43537852
1149737390
1227583781
352329289
370892713
1082244927
615503007
1679887649
2108151655
1745289107
1780994019
1730871549
367809274
788308195
721664484
267443646
397473508
21537759
501595996
1629778104
1412405926
330509411
1573703866
681458443
2020965052
2025367139
1708397547
1920855345
467504617
1986675924
560811188
511042469
988929666
1788394969
863371758
1359822379
723156248
1478874765
892226380
683824255
1076680225
525736751
267212156
1444489499
1314044947
988876640
1711933146
1711518455
1010414399
66045494
1193812911
275336678
396554905
620033129
956795121
270036309
497916621
517709020
43408006
965421238
356901297
604219194
1476463708
1345830963
245130515
192351818
558169695
968286763
1671226584
1450396075
1652111019
600423161
1976132827
1919323175
2044912660
1142694126
760716168
1609362158
706728933
1771130567
1675407652
1900541844
2046467245
2071962557
373091325
855778719
194515218
871007946
1373487739
237923224
1836429185
1730389036
842142418
1165409245
928736352
1087272933
1357761063
1486906047
2055559697
881503999
789818474
1560187068
1481927160
618467653
1332026595
1379356173
1761161779
2092742763
841234683
320407064
1716389683
369158688
73465260
1615373280
293637597
446556586
323668351
488152816
1317564532
1697156091
726076040
1006510069
1280061479
1568218459
24435666
61314183
508007744
1382196730
1548220230
416083793
116217081
190555057
1976270861
1598144242
809022710
1160813809
830016767
422700842
1106072924
1671251450
743107906
674978959
2040410138
816573167
142868592
186564088
1263129753
466536943
674716904
433210637
16209386
1400792944
1439720707
1296270866
821527755
1464156373
1357585049
1329535500
698869455
758321632
1745619293
815086537
948876689
1574406507
265747131
1757899399
587736668
1095763898
33116593
1693809592
619531700
776224500
221304904
512458191
1592797667
364173496
699022279
708443772
830710439
1373739183
1141654409
846919826
627048479
433891468
2143190692
1448576235
1898047842
1353292093
630628087
449433649
2111613725
228763732
1264520186
913006766
1803170239
1530267317
523422518
243423259
478547567
556539111
1937232852
1098079268
1332763611
11054108
1610537459
778077630
375227604
162076090
1486521402
1205938043
1535815273
480692164
2052857869
15380104
914583632
2048564913
1463956339
665147826
1254373359
2094584426
1114581476
1218503436
175864511
231618014
2131510203
1979034750
1761885332
507449073
74974362
92949251
1063988184
2012207214
1191028519
249268148
2023261322
654082330
1027345778
251005278
816158420
366383533
1456943321
204490045
847075697
1362317543
219870150
1761659329
1263398808
1683826489
279323508
370288519
1630927268
1393904984
1588791956
1806791779
1625522998
1572818511
1638342881
1239924682
2080267584
1713317243
1332873934
996772120
1578040809
376418805
1246040268
1453818483
1030501136
125902399
1704823761
1846659556
492285932
1014283435
2051149602
1339361629
229117330
123536104
953537310
1492516138
1807362593
1232860818
1862804658
1290806213
479282154
1304112966
950114344
2104805153
729447829
440973578
1197246187
662231765
6807173
382636473
1659003885
1584847983
759055279
757560506
891182818
1789556415
883462905
448522932
1488732323
1375748837
1462806367
1392398277
567626818
1691923697
1515934381
1521164128
1036956187
1175813327
606541299
752277197
319135892
1085823453
2056390163
1269250237
1043144958
638354344
1710223815
92907498
1300586109
1717030988
475543971
812106347
1154395323
1234599250
1569666853
2045578142
876672017
305646110
346617426
217920693
1681394947
1809423793
1610318970
101538117
1353863842
978769704
1622702245
243336381
7099383
81759896
995613579
326235275
1167583350
904520094
1595485512
63244660
1542874439
1158225679
156152158
695976900
727773020
631696130
1508083247
1882168343
1866295380
930266452
1780262837
595483750
1235912562
2126880263
813404443
769823861
1788820408
276239765
871361978
995200602
1255009469
346580576
1238536984
1262108852
428340472
86666915
1588344128
1595923822
991187009
1036345992
1659168483
386577800
47088024
1815320641
1082554701
774861044
299533123
443154300
509545739
18344856
1373420753
142324929
613828606
461849667
121721544
1427233049
1231673529
1910541953
1703472814
2103035507
758258907
810998636
302132435
1996795891
2073107488
730472908
2083462806
1513967968
178913082
927166168
402830313
1838081565
1313743968
449918337
1505918559
248815021
1224779381
1805451682
691969322
1734325120
1823796538
2065390075
1876650049
290141496
379756094
1998371594
1717374545
1611429623
1761429899
1273363712
1566981483
372205158
2084362348
1869113918
221517402
2009986188
452103178
157496560
1376470509
631016261
1084662728
1779300822
321614178
250923049
81735511
1827532737
499738070
1306514892
1485500772
1191707392
893356364
1161813662
1109613819
622522766
1451955159
1489369914
473410712
1021846056
953315889
87356963
147726120
372813724
459562121
84604820
94443995
681079523
2094591009
546547173
838576084
1323577870
1177563434
1923238812
955395044
1499177613
26678213
1037130555
1179226702
526416284
196161799
517243826
1718123676
1089518163
1679057489
680253848
1712040929
983529000
22140114
37967993
2005375056
975456003
125324956
5617529
1348269728
584887078
90222349
1442713723
1265966601
37329710
1989260896
2104542685
1360907580
1019340683
1880297850
168818976
371034648
1906976063
1205949531
1550261350
285908699
1402111330
2067505177
2004032376
344145846
1599079018
536802576
2056186775
435124370
558942690
2094154769
293015778
1534398693
71996077
298633307
735184773
656883155
388855657
30414848
1922849757
426185367
2019675745
1879908794
1787092948
891532780
1612722996
1955911924
1262567428
1372215412
1014377808
665345130
1658124111
269005490
585366659
1514672839
613151336
36962029
2051475415
521854464
472086399
462934457
468525585
765102178
1997333151
540521662
1063735485
585034276
1197404818
1452591142
615449125
972770927
1878776510
487641222
705196073
1518385810
1379174002
170435422
1326814086
494257782
1542650834
193708246
1159602912
1053291297
462713737
1744969572
420480489
1075865073
1781931601
324472256
1597719537
106534353
787406714
2066245122
871636531
637256217
459283137
1935372016
1222290493
1656687955
1240479511
1837739618
481975234
971772373
177897192
1187171307
342674535
1557071194
1357606729
1669488621
2051328976
752773915
1863196868
1063448241
1806065213
178426957
660934165
79062054
1254292030
295382118
403534310
704527920
401916471
1190941024
623289394
1273553002
1828197241
1082572531
1061441371
903004087
591776838
154437234
593260057
1073752072
1126209607
771157250
113439732
1468884142
180744796
1471046461
990889115
84590125
76336729
706602335
1148038366
1882401942
885029292
1808972531
1961463996
2139321323
2104354649
217514658
696365595
358787473
1408455683
1319654989
1632340475
1089169276
254743873
546298198
1992173363
846520711
700735432
437949773
1920272784
1826945039
1209107023
2033712516
1148345533
1389851819
1357275329
2139234649
1474441944
1433612058
698353336
474996662
1168530352
1583382629
136485545
982510700
1575220304
93356547
1200025359
124102251
452144020
460997394
1443757240
2084484495
1550166670
1698501113
483299046
1394856386
397538177
1184034478
1832806159
170327313
863495870
894429534
56556181
2011841403
136797705
1413831510
2003592404
1611239650
699959921
554462093
2086236312
1868490273
2137844722
75238210
703517326
1565581378
168594757
1903542685
1689683629
620738777
217056431
985957221
557739624
1767223101
536974687
1041038670
1014595839
934512864
77589501
699918350
1104840177
941085371
1594347884
1161396358
805443126
1731145590
427744220
661551883
1194901592
1127704141
1216013976
1133654256
848710767
1206375050
1208892466
1552228093
624472780
1377487223
1308287130
166672761
1998226000
1525343561
1152629982
408481977
1145083014
1689604669
1449520647
12195206
476633885
1527110148
712113556
1581474062
320711871
158977793
595386772
1126154998
1890123383
1023130993
1787706881
937541327
3351486
856237209
2071195583
852062253
2062612259
1132604402
256806698
539601391
362607977
1565093828
706274152
213350330
942953741
1858904134
621832307
2088036756
1401025156
2071352954
2100231962
1877659041
1450979455
664861870
1311649456
1771691326
823839663
1907036228
750362676
566479398
782683573
390585909
1504020725
786035060
1246823118
1427732661
1638097313
1161951729
412853415
1894904012
1701553120
775461392
1312514192
260343624
988811722
107984286
2119247759
1610644029
48537394
1372789267
1534513336
1285708
1102964660
838009143
666147578
267130468
462216821
1489987242
26683049
1212579498
2056466640
809366622
1603165407
1413003718
1595401682
702504878
693252731
1086015348
1864456607
1106106146
833435712
1418526080
1881567538
2145949904
1678869704
722895613
106450542
1650633815
186055994
154987936
875939434
1720569330
156273644
1978904095
411094825
822421223
98550915
873311647
164924817
125233964
2085891145
73907809
934600587
1541572904
1486911527
382518621
96594134
32680610
1468533969
1961050742
1138786756
154486033
1232093174
872870647
152952290
763479230
1595766260
259402832
266629398
1781822254
414390769
1142568832
1354907937
570664413
973989279
1766002762
1393085636
1072540195
491830761
1558010453
1197774159
430238258
1631918263
2132374746
1971811163
971346142
367409720
2068405297
1004026753
1835943689
1881972391
2142813509
1990429723
966581917
868200508
2143382013
1730061148
316483120
255301197
1996690546
2098305375
669691966
991775730
1305729664
1240356380
1965765010
924248778
485958368
890821557
1416079540
2043968822
2088595716
1846317798
1528403437
2073486815
1670645313
352265931
293412887
1591566963
1356292684
2129356576
1326055706
1351622546
1972302651
145153976
72339406
1968201016
1875215124
388822527
76018566
1724422022
339644254
745710532
568714104
1645373918
1986066912
386995466
422139048
324541633
1277817023
1838218588
221026807
1218929092
1537052739
1749430244
1144932259
1060214404
2101696175
1438345146
504297719
1310505212
1420218074
1830353426
514644110
1245037078
1975507402
586983516
1065754446
1703238878
975806043
1141773012
1280177252
1315450297
1887483545
1848891356
813340567
1726066809
88403175
1235479616
2050608442
1366220198
926214556
124151601
437665642
315783647
1873581845
1582597901
1375998052
1827794373
873459399
1880295771
990815937
146193826
1563165549
1505460047
1391230904
1391189303
2092443563
309501702
946944533
920765959
1451274715
79638137
88732608
1191274612
1928529494
902073176
769857773
2016932669
2137552792
672982568
1235669219
916283700
797134169
1673334862
1232067348
523232367
1108449115
460581752
203543092
1981908515
193393875
1194359029
2128102341
1756559425
552335428
1371849597
1000265080
497295343
1681351299
1947209614
1418061302
985142366
2026847751
1506793911
28933330
1807893597
261383439
798791104
1677342618
251452583
1471773672
765528190
1167736283
121424193
291379404
252319983
644656560
1399828519
712901735
848199652
1234253386
906295611
2042558681
1214872079
515371388
447410461
439238028
1515636468
944705805
2120589328
1315362434
215283459
958248046
1194726538
1722077370
987181377
855136487
1983460809
1785972481
384995458
87429744
1110262505
1150523648
1255166028
1231686698
1441903052
1507486011
1876343259
694247923
72904099
577059263
1928501310
979199710
472134297
995889741
1494571098
919544758
1435127770
862723918
1864250563
1408233450
30602705
2079534023
218997848
1225329243
1654127745
1206179225
2080465730
1490104907
844668058
317977540
1577534651
1954930563
1468501188
685217031
1039133614
762920592
45219395
767993225
1457168516
118123494
1345052488
1238186178
1097323204
1817186785
86592271
444410654
589247896
1521720041
1307134572
306014811
782469843
1337737277
238065186
1001467692
415582872
1892192932
60163269
348564955
1234814191
904831328
666542495
664865194
712278243
2135043684
1350082226
1751411857
750480628
1395301621
371921434
60165496
1513425115
1716973923
1298351674
463264671
1386677060
1384943946
907675325
1975924956
759180339
67326249
134456120
1541650183
1405063527
372521306
395634227
1820646399
117230590
455797496
21727706
1352044781
1360628824
688270202
2016909976
2072907068
675830238
1219508554
1676835277
1426310866
467326527
2048756712
1486476363
1980751642
1618246987
637344389
296532665
857440399
2022288335
1204207990
685881708
633985027
1271534239
820337828
28151562
529114118
1192859134
423785789
202276870
1310089725
879583285
224004576
514650858
92728462
912274778
384077186
18151882
1588105016
1603585740
1694987159
866932235
2070912267
1596260223
205924950
1904180261
1067023562
843269339
53229278
1924463962
718074027
1257437268
462862022
1352059054
381487860
1283199850
1380210616
910601978
328575336
1803996405
1112878848
1638665061
536096042
1336883425
5832272
628824504
101674555
389909458
646976386
1689779572
1993495199
194479898
409228159
1916923818
1790740121
615153109
1673620432
710280036
1458422448
1726849710
487260350
29012827
836803331
950122372
1381071881
1218291191
85838574
613798849
2128893169
414413910
270311606
1094288370
2053078972
806407649
283688147
2058911244
1435232153
385362702
301337054
2082208540
2075142274
147348605
129204790
336886785
2064272424
1919944911
952039894
1590409208
482741299
262978695
1169775270
970001649
291991522
2006578601
1920124021
1673063404
1077386144
2005962595
139378605
1058795666
272892858
409690212
5600388
178488182
1216097861
289288535
89915778
503846366
674651237
391252832
438571258
602309864
538601438
567776048
939196649
455390214
340237312
1891236544
2045799422
822978611
6731591
1068091044
1792980261
298723113
927185998
1565620634
1971786517
2004572142
1424099582
2111165123
915884160
1696992440
373371687
921484548
1875480622
1589469548
1210773083
1965396400
2093315914
1885424321
209165584
384403525
340250537
747767022
952179573
1279447186
1203157236
1292416885
1023200082
1101473010
2115395497
1029931673
22080407
1760892110
1328654787
949266405
1179029096
1152957656
806354899
455645030
1116639131
1722239060
5153822
1490010818
496239960
1880634444
931996718
1707013044
1698547196
877828985
1444953717
1907712781
1262232510
1785204254
507996155
66928435
917167792
1711153392
1359345321
1940367875
665142754
1327257170
822815900
687223161
940665632
3987039
1636489566
2119694728
1156944696
295360818
427856111
126100179
2017599878
433009933
1616110998
366356190
166160730
400624068
2073369234
1864707926
1278453053
1370839303
1624937059
393201915
1008559909
2132933215
460130351
1925727702
1696602959
1819475672
1718611929
214262065
999249194
393944181
901485227
1939914826
397931221
390491145
1912125906
1554875917
685851963
192498369
1680976096
555968193
625508303
1149603446
922324384
791669033
1550227515
848209970
508893311
681196920
71565626
2133830371
1074398836
1080125535
2119279938
1534529187
858369589
1668399249
1206521211
429497870
1882661314
58286757
823442052
636662893
1998201583
1221373273
1027154039
1762843841
628765542
1713006002
1955342211
162257990
121490548
433366866
1311861437
1043814932
1225035899
714605304
1892024902
1733929210
1395802224
1963590528
1720275933
322717412
896232416
1692072223
1857246599
1754602005
1212987824
916284162
36616228
948165491
974570919
860058280
1584828384
825288854
2081431553
464498775
440649048
562713447
30021130
248507611
724971437
151511678
681874477
2036832874
1195326610
1906910376
603954530
939867864
1493355938
1999756755
755974745
1066148224
174990519
1652207161
610736799
2032237119
1259325518
1823724624
801037633
1295941746
624406467
1775608553
8516378
61751203
453413759
2089947931
526249979
894062807
505177730
556271109
1142570418
1230149168
707782787
1824444895
1119498394
1903109397
1583871623
1723452925
695493613
929743914
1575726032
1451468358
1995892138
1750716551
956191871
459145289
1635470022
68033742
135386265
289024008
1363975488
759792732
2064632561
1372491867
821543936
370562672
1314956150
1347793915
1264625480
1820133881
1904065024
259712250
902799401
464364163
2084157146
2022297795
219989912
1520545121
1598267072
915483525
302805387
1026509456
219468236
151213877
629742360
1175660107
610359167
117728734
1243693849
745745432
406752742
460185690
1505538165
323901655
1832677557
179598453
694464328
1000150059
1527392368
1959089808
672800292
1283973744
71318410
1575599693
1748337907
7991908
1450413841
1968327819
1528537030
901197265
736327696
1831342417
1927706722
955795932
1982556295
409965434
2131456040
445431814
527694168
1227666241
1191177246
934446911
1687851931
549231763
1258348566
1373045840
728830216
1952812894
225712252
108738936
1764419054
898512544
1392712680
1835737465
326628590
993566939
1843729373
1777042431
814411110
1224782755
530756048
1550738807
908641525
310979122
359051091
743714172
720944556
343023483
1189145986
1248638725
1570689725
232839584
35601988
1111058008
782071348
1293950554
336620201
1510901564
1099279801
562332453
1619640501
716215207
1460844997
864869533
404469024
1787473587
1858436473
100714750
1417032370
525363935
1325497505
1947788419
2076102742
86655382
111283893
287670186
830369554
832228450
630693669
2019515540
2080867175
53899746
104871477
2116469163
1164957755
886942825
1262936069
1501577956
250360741
214732222
2063910409
1870001242
930947430
1377271758
587387128
1335416454
1017261698
298339953
1436131204
286810420
823703888
614145062
87115191
752322983
700800444
198399085
1039993169
1531169999
1030627535
1670686838
1403201891
964011062
1724586585
1508073368
932996577
742060692
247532545
48448998
96155000
497893287
263181221
12581761
220410881
1194128651
1389853519
807798009
382061457
259631569
1106137962
1818192662
546441990
1929841851
284854076
633557181
534681186
985654520
831956266
1574674355
369340871
1862583801
1097877545
1772542763
679111215
674980482
1133132483
1612107792
1417041174
1380665029
1660556791
1513196174
1878558316
1923738012
1525777935
2098969197
970383015
768147807
759283559
1352444472
1027779376
1865421521
1023153486
1574221366
1647779724
1308007562
60294900
34977262
146178435
892251166
1609651617
515519306
607351320
560045515
140578421
1286462535
1235025997
1273710905
751086680
504583524
506892286
264159823
2017779698
237966954
40414187
1396073986
189452503
1010797202
16738145
948736062
215758026
1044517521
666673936
1238911513
471255240
166970012
399435427
531550140
201947275
545613862
1423801306
1811598892
1061133169
2031152626
224160759
1201711590
1170131514
1459186757
327938847
1921218194
1963770281
834831133
37894369
1834066331
1072798087
78308556
1082656669
1262250591
1089105758
1099394814
63503005
1304863784
2143912336
730176941
396291649
467683928
897146954
795727077
999234068
1099094229
1341340939
275551726
763209473
254990460
159220705
987370233
1456702051
1329352219
299073342
1784640898
1103086765
115359975
471988384
1140981134
1949426306
1544786471
1219289690
884599328
659553414
160911800
1983994142
723056420
1465775584
1980422830
1453233361
1862067234
300623110
202896667
510310663
1299857178
1301990896
1851651602
1575408905
2065200370
2106642063
1734629610
905086955
1415860466
916498181
1204160297
1053017716
2019584946
1319520272
1525006100
1013082432
1121462930
922308924
84888474
2006062258
1581862338
245800274
1842572753
157435110
1711575858
1675511935
1610668472
1426159444
1976135046
1813565139
1936470107
1128508576
968072388
1640638062
556433833
885789110
1599796477
143579795
1790876065
868173295
1060077976
847552714
1921191011
932179274
19589338
1298713464
1945261706
1141052268
73538740
2030150180
999630879
1655401078
128466806
694719984
1812836189
1840042665
222748271
1276021013
1118718461
51399669
942102504
907704921
1179908246
1910174892
400859335
1736342079
648480354
2000655812
1879921875
291872771
721345459
792516203
1139425485
495052822
1724695478
1159014823
1793766286
1522473536
152583444
1867305026
1405140069
1152214323
1375222457
1533606875
1846934307
1040574998
1226165892
2069682578
169112363
197400706
2121082248
1111214867
1105105627
1153506846
873906112
1505964962
742365277
1522386466
1359137126
474803504
1814259238
2080482585
1267319708
806201075
428051759
844531538
1965215899
74334398
219521426
2117799343
1941639424
1624661495
1122530018
1169378233
1010784723
821980677
62469583
89466967
744179607
231581946
286867673
717778207
1342796814
1391973300
1871285053
69219278
750454614
466166683
1591605744
2109591740
940970187
1258381334
2042590677
60806247
2064582410
323158789
905337785
1882314661
397493187
1124859212
1852630356
191648963
602037059
827676726
1361027197
1612821782
1649657403
1423496780
1702288750
246353362
1655078727
1989156423
964131570
850391893
1233646076
687932975
919611171
1984100690
1154099658
363733267
1946208783
2095069846
1622114602
1841315812
8392445
1539213364
16990953
913730231
1274044377
414484140
2038589443
979191085
606133104
493142854
1806867811
1967160301
2105964637
1309041566
1243173433
1660769739
1555394928
750768512
1502442514
372042850
1601160405
588604942
1059975826
373287928
425221985
66591836
737021196
223947120
14178034
211652150
2065262932
22570480
1750865514
2082253886
936300711
877426243
349254378
827406506
1856617328
955387482
1320549360
1516001491
775064135
1279030349
677559409
2018237569
792316440
85470689
621522433
147275307
457513540
75199191
735880249
1517489366
448487119
1161102234
1584081202
1185508315
1385049354
1598259237
1397160465
1302828639
1620829717
1000542331
1237598877
409646780
1877968574
1586853255
1237053286
1587102254
394757090
410118998
955620097
1169821225
1689149348
1633179506
1040575146
333982140
1718650196
1662097580
481257447
28680088
1737296771
1217137697
1546169454
38300242
230756283
982767008
1223808558
1615805638
433542597
473485375
771150629
2054372314
1474027707
2008749506
316535446
1204512633
1448119113
1553588732
644131240
1842876203
1963707731
1599751337
865213781
1505373431
1085447196
1905788927
1839355571
656613744
1420402859
173129371
685293832
1010215982
1390267068
83979638
1048516225
1621023351
1066746646
124841135
1089345341
1500289244
598326510
1860495970
1407177910
2072354217
1721761828
1723713357
1129383203
1022397294
1129818441
1773514443
717789849
946042524
1225782132
1583003630
303932307
163745680
1341308910
2143287879
820359424
614228121
168933602
1505653256
1624444104
1559200670
1589632894
525476681
1032740373
508895893
650317816
2122085715
2009185137
1248644326
1835098037
1268879399
1173514896
1409376218
845109108
155414451
284289864
1974927550
1928928894
1002079713
773486426
1007227378
437599696
1077418734
1170973059
1778908606
1073222965
1991332483
245653079
1242156567
1349502092
1870097183
653873589
791651338
248090216
1686613962
1300547231
898408032
1661216029
1162248720
2147052359
1348830419
283644472
1173083607
610722989
1128753580
1328498058
895012853
956197482
1109943304
1897092566
1729683909
2117170682
187208614
659618995
1140660093
1966117220
1732841960
984508929
64286652
827514879
186527373
1934383835
1481388468
978178711
34990404
1020518782
131242295
933398436
534251164
1293491015
932967147
1883081583
1577135487
2106050754
346320924
558405420
1287065164
1241333777
1514602902
249524820
990942695
1096803163
219211855
1178151310
1756422158
1359871948
996784882
1341780470
196897229
1061071534
21811701
383424602
847971722
1503200169
1361603314
882962126
376235304
1492845609
1816360562
910486468
638852976
601844062
646084403
68504816
560411168
992405327
626910236
1847476333
86255456
2141513138
2097001153
1077198151
1090832654
168729360
107865813
699771164
1528601309
1104650696
2041551635
1725498538
18238582
2063363336
2108923141
866210304
1419079858
1323042807
1749172430
1795315162
668404768
1418049345
558317982
1307257744
2019893407
1204402385
1375762560
432820927
49324064
2002672796
132813612
135579520
1996702287
82331118
1212777671
940051293
251060478
1320643485
1639822457
1779661787
277810533
1533890444
1357676678
296049115
1449770133
1319116171
1162259420
721366343
494675330
763948202
369197857
1163080098
34513899
927515839
322854194
2054407306
2131918224
1698616755
339744586
33758640
1553805903
472558198
169338160
1403024542
554889316
1382115831
195592187
805949795
555275668
1835414645
438127934
833086201
1221821441
1795804612
1129135317
524107926
967437135
143911089
1245474269
1462112465
907859291
1614672126
477708915
942373191
394704317
800563110
849296849
379138893
351696217
1189041435
412897533
1905502120
1661599634
582235693
1161043015
69005302
1964351525
1356635202
874955097
372143545
1044566199
1313083032
1205229747
118903993
961403996
186881416
643011919
1928841132
330792505
1888486189
1243469949
1238651796
1355674667
1721178865
33541339
1750378985
374258327
882838189
2129517878
725954544
2071879624
394931764
483973016
1585995610
977167457
1645016031
1655000913
794035334
854167586
382472362
1166178880
1898733785
1695555394
223924979
2017637778
509475743
410806395
513166050
290833227
741598900
254168591
1534303176
1980250696
1609843258
1107998393
2013792036
1212738595
1482256720
749146577
1194772826
60727616
673542553
1589704590
544700633
112054516
419388399
42233016
1767055429
1213423734
896400602
2044143
232118966
647650740
1697599538
456043945
517804870
59591633
866850340
1030970920
350424860
1608449240
1285139511
1884728036
1441216288
747499122
845242782
1307524676
1960237717
180015854
2056671253
1007526895
240743471
582730159
449747837
785444104
694784675
869136237
827677120
314356456
2082559971
1724077723
316400599
167195289
224244815
2014000137
623239234
742049685
2073591770
1490089574
1773020606
276532982
951055166
910676469
13777371
244787806
1658175591
859020153
1552312483
1470929661
1039036007
1461500088
330972908
1279779478
2044230247
780720746
2065223582
591531274
1649856983
745417055
905887730
1584933306
322011130
1222288330
1752128595
546255945
1088804819
227884181
1288305630
1014912942
1717973755
913842588
1291445924
521545273
1824519058
1305223295
766333079
1335211001
16759800
171161914
658657014
1055795808
1632662003
989629923
188091638
1529408602
1770350669
105831573
2120939877
1272724004
851248628
879343959
710173662
1173259758
2101632289
314818609
1719515703
1042953461
542702790
860337685
2057866403
113192897
1774180274
1201828679
634738170
1451215684
359568327
1401071249
638943037
376328127
1572233164
1297600052
1432123935
1057411519
139746327
1620215574
439336473
1910096996
1726047147
412792702
1035337352
429812127
1292136662
1745511014
1603071885
1246285303
2060329623
1175103940
141755116
455548765
2035441625
52137871
568741662
1662138251
1253966551
1203479832
965870287
1613534878
457067433
1604813325
1989863005
2029300597
754929729
1274503293
939228468
894676056
747235219
1378564942
657289404
325798718
1791357644
1692626756
755610845
936010658
1290654122
211199082
34812314
1203500097
1386303022
176567430
1659048862
1274260999
228705302
80306876
788915603
1482671853
1283786708
1754785890
948723083
1740854141
1212115567
791102440
1622671091
1967045296
2065605733
414415911
714237704
665357304
1792980853
1371527108
991156022
1436854850
916670216
1746766867
225381860
59840690
1957965949
260194174
1263340787
1196785323
436761605
774906001
323562675
665466907
855212877
1112478278
655112
2138999585
719780520
949378195
1732370079
1931896088
1740480635
1207557522
1751457736
1658602721
1621973433
318211793
176476377
1267470639
1689738901
1167632400
556841841
458925470
766915619
782223701
518766160
577397921
1042417876
1782106948
1774183244
1479179481
409529301
2097745919
2144646388
1264742179
1062740549
2145301500
1256258116
1782521070
947196047
841144547
1566933510
540193034
2048702069
1170907598
51312107
1523191855
1489119391
227788485
643178846
1031374645
1395420885
1200020687
1490300115
14852856
1982244388
2009066275
592250777
877178616
1643689575
218950374
208874449
2053218877
169212645
206037189
1170477408
1231953195
203855041
279251876
866990617
1151051088
1120396424
286440479
1691244123
1021614845
1457348077
1742556230
397323052
798983821
1970344715
1040501898
1830358466
1218281952
93038937
1173174933
1233134809
2075283326
1034757560
1825385586
804978294
530963488
2044335960
1013852744
436698717
66064958
1219889933
1607176125
1298018153
1423744975
1886428001
17525122
427312415
859340777
303965601
2118556538
1880955623
1761313678
1713629121
130795027
412813851
1536490188
1171296926
95688669
607288493
1264335863
1268863602
1840423302
1192135541
156137515
1518325240
1997113836
687101003
1415177553
863482932
1123799720
1481242511
2083372865
583492197
631777016
1359634192
322436550
649302138
1786946608
1181777328
953267739
1758019498
915249303
567097769
1324164971
1046044330
979911621
713171512
69857608
1075600290
1320460005
1334193472
196980245
1013399659
378845365
353117760
384241251
228475553
1040218763
1799418804
1091958485
16534835
1133177667
1027847703
600027032
1764954683
239998247
922463582
266773173
2026944855
2104240910
1220040912
1637480706
872006565
1787138682
814162029
1918050896
619566655
1527333541
1987908504
1695166945
700309898
1174618328
1892147190
1713709557
1553463694
97781302
2097950809
1781939247
1138000065
1749885965
726414085
1154534900
735579985
1754261788
1754561932
353051020
1994260035
529541867
619824194
1873721243
486299129
1839865106
1363718301
1358305695
1479520140
30396682
1128872943
2099086795
1557730224
969297799
1646770093
110556474
2143916128
1391433635
1824266032
1549896174
1489214938
1774733193
1184351773
479731355
1377135510
1910765858
1634266256
2112715495
1517543998
1241344540
318282868
1364320386
1770886407
938107062
1090557981
109701889
630488520
306792634
1468007584
2110008661
337189316
449396879
2061611808
1894919540
1418694678
1560898253
2005476015
1415127158
804848241
1682258399
817539684
146579531
1309507944
2001891458
626310886
539159806
1765173668
113093494
504391654
1135234019
1354438035
822674522
352070757
977840794
1760781584
1442628738
1087542683
243786456
1749421372
408066619
206311469
2086610688
857463498
120439630
1834046581
128674529
1681337883
1692038948
1543801687
338702476
1226813699
213857724
485282007
388837995
68265534
1111592894
927997801
1833439202
1224686388
1432389455
821189573
431640775
107580329
1173260330
1409481570
1868361913
468405420
349540605
2112148370
70343144
757607225
170976191
9470185
1615070723
291415821
1843516766
1743745252
1972753705
1388072066
1140063292
163972533
467402117
1353921016
649254541
856240112
1422186550
1760847435
1784237913
1108142104
838050175
1069143721
1929331678
1269690951
1176724050
955108360
531688873
897602316
1423513781
881229478
862267038
1493856925
1638836703
1033243229
1503327110
1106423779
1324659051
1199360228
702685383
1149929108
439948646
1842748675
1313901641
907350763
1049186043
1963156182
1763590875
323888945
1576519969
1400345141
1432031050
267086497
322005214
1213879080
1536777448
1498729264
21503792
2068466321
248847932
1445017573
802212151
1111114970
791390851
293565207
2144358200
147234313
1399988986
1321533603
1346594542
2102674369
323979063
1786543188
1797939397
1637880704
546410304
699641792
1453553239
162517531
1023530738
882589560
1562862672
308078140
1149676057
1884867886
1521957220
538969857
1236113503
1543461012
459952530
1484961435
840994938
1262164682
448592758
1632385789
1555729889
445467310
1779620102
808235227
1767000913
978730996
763425948
2090979976
617790537
413881697
1581377032
1164200841
1113523490
887446623
1326718372
2137054228
1770036184
742097397
297648720
772228593
479481635
1819605940
1311198451
1715595138
1215583304
1771150981
1053072926
2056578242
885832015
1501665684
1541480383
294078256
1947132994
1173616838
1102313483
1566650259
4864186
1865739432
1510146587
622654723
132137481
944039971
1786855564
1245660971
1831486595
966090289
1235231551
1454039131
1708187686
1532880271
78784076
40185673
1205002563
1389982527
1755780812
273102220
1013649861
661370090
182196814
1899481876
15552126
1723677198
46076485
1962685120
749810388
1148389968
1381851731
754674574
866645752
744514670
1377329298
998783234
1688554641
1016701214
96960557
1372557588
1982791503
1332192109
679113071
1543495541
717588732
757897148
1583681215
1922591296
396027
1191978379
48209868
1014045888
1853348469
230406682
766044117
1868900595
1954083880
812120602
1684102067
556410620
1960510570
918470150
1311085195
679672675
1662984820
540930845
1678455909
1204055813
1557632059
1775416466
429129754
1392939915
960124927
1108242825
788951808
1677713660
1866139973
225149375
1452821308
1866536001
1417127754
1501031176
733098241
1122992575
1731437858
1499142358
844409522
1538038091
163779312
381027941
2094448711
2124289883
1299498091
1258050258
656478910
814999263
1798981103
187451171
2019055077
1209129515
1962867637
300701183
454585782
775508917
1408944008
1243537590
305738929
1127600334
1468686966
1758560237
846652687
738331072
1112107765
1579750928
1861323648
696061975
931409639
558249522
86616418
1095188951
939277464
33581482
1071995186
91291907
1291631740
1728474096
906291171
943129196
1915925267
777862600
4775063
1731309257
1078563783
459360845
359334526
340024143
1702898435
665073455
1467624477
1024101753
276150044
166793516
1762432826
1388257809
1746544445
1476272826
2084319784
530470436
2034522348
23452555
1625659387
826316164
57034037
550170926
917608072
1348665777
131161374
1823899243
144311325
2047086642
454278195
149086388
1630912251
1532841978
608447233
1990246777
1872866121
163862021
507836584
1193006951
1187963774
783986628
1359800467
802912952
24760789
958861264
131702130
2109080573
1489331700
18740831
2132533128
967507440
845056995
42083517
1517678366
1762665067
1390749295
1648839740
1439080662
1535060620
1548442734
1893358857
1684147009
1031871337
1278717187
145110594
874634466
1004099661
308972615
1382471050
49622964
1496936390
18974030
1409423431
152365694
43734819
220801048
284067825
5331745
1710132748
302808656
2137864873
530156540
1147865651
32464743
2047834906
763047071
1423214038
1549190999
54644085
810791010
950150085
1948002943
347454371
1982021423
1079236482
492564966
709172241
2083336143
801537581
2091643292
2132959107
150990323
2110617322
1394898891
303356018
6868494
1615699939
587423843
12200239
1178349039
890232499
2581464
1708505580
2038098150
35046207
1608856838
653661573
1458260245
1010564189
708305659
121567608
1960714275
508824954
469021979
1795252050
1588061436
961586945
356940643
1523913932
1763124527
301100287
1509389391
1914114850
264233962
756804634
69987220
271102456
225020925
657411063
283302695
1403369965
1547643562
285884159
964391897
1438258065
320930367
425765087
2091919638
1779190612
1436329277
652741649
1900758220
1249559904
1161566603
222296552
897328306
602144392
1183883497
1254268949
2126058324
799524376
1555369237
1487964067
566155579
1819603199
97285054
636142799
2090705655
322305979
1293553863
226524702
1725675944
693713777
512408861
542584193
2131971842
833339228
968349281
2076407833
465046193
257194910
581665834
218320765
1506754814
1743232438
440617317
256599472
197893182
1624500815
1510868421
176467858
276541543
918754010
1664431925
842697122
590873561
1761716979
1478839922
534095568
2084022959
624910137
760620270
1662215255
1318623914
1273029132
57315801
1303112109
2106368360
1025665082
1232036294
423930905
1282859992
1813702128
642251671
642131158
1409450918
1082868988
898730630
1607344100
559886155
262115403
1783811958
836427699
1180869414
1300760236
1679124821
1771742975
914993567
1010481095
158354896
851532878
1635391232
918975166
366264486
806531499
44520650
423580287
2109643608
3405363
1449245369
1194196254
427336268
584621713
860414734
1069587939
1226752871
122382005
4973280
2125483501
1729726105
564859435
240115256
1366054416
1401287134
1420984670
519331004
932928308
1045243998
1434324571
1943409403
1203598894
138373802
1431316988
2122574060
504638288
90364839
19611063
928218575
52524799
23016426
229980296
1246721053
450352694
814602009
2107135787
1519940634
2041354880
82034144
1524913914
2019354733
1811760250
2089773349
111986341
1030331018
1343576836
1532971012
1549662022
129021496
430731362
836502945
2072430899
1634330256
974876747
1356264239
1609420668
1479515035
1446629078
1629031731
260249962
1499153877
1652048157
490230258
598391282
2102400852
1304832267
558043422
1474857838
1198703499
640077566
852288104
1070574584
304354168
794577805
1182560926
1334685186
2138154641
568048290
736863560
119692489
998779652
1573366506
44639741
485626260
400759605
1400903980
2095046928
1880274641
700049411
1576595012
2140524603
51719640
1081159521
483271214
650110923
1036076725
1788103481
1208154345
363450915
839323333
1848231911
1215739019
1909897917
5102432
2010316825
944975195
1339787618
2000987818
1513023485
2076651179
2120680308
364319489
1502534037
17836401
849945749
1903293642
1418740381
797509030
1636084635
2118789792
226620394
1629125591
23025785
1307779915
2112396805
673136708
196372993
1753016638
1881291053
559823908
444856323
1582039316
1775562928
207270593
1587141748
1638396105
1152245788
779445719
1491900275
517785626
708613250
1465096935
882105115
63663639
1482933336
1732050865
1966957281
754190070
382076247
1455558269
725496214
608696641
937200212
748521999
1916476556
902113369
1421658707
2112849549
507646359
1155466112
525189810
952502683
590021781
153269090
1159773276
29679881
1791665195
164535416
809125600
1136081822
682321042
1517738850
453695110
1564426158
1581402489
1936628446
1148993375
1400876123
543334868
1531069622
708950744
1268831083
2139766263
1646150956
2017353082
1908759171
400780677
1291528142
1874125073
908427036
299510606
251831235
1860929719
889532387
405100325
873219347
919212269
49281872
1037754764
1728337869
1185363694
1720075806
1098593072
1639058804
1137018316
532511913
1428203603
138528043
1933388036
1971538471
1669597665
494855132
1092885906
1661880280
2141006088
962755341
1423155804
394303117
106799835
1149797229
1302730154
406310441
1401628464
1016176225
1295842829
1806728789
1889395573
67571450
1856010661
779666689
1795909319
893890707
352258847
747018743
385465864
1489277164
1279530657
1813669467
1627805207
1065435045
1637724290
1149919225
1560290178
583126549
664315857
1553812618
1545881890
2087471661
1948115736
1652681725
1089785242
1103362242
2058992166
343930058
2119538467
1207351347
3175199
1861450392
1274922797
1859185860
493633433
923348469
605592920
845892281
1670367212
991058784
187685797
802414221
657244603
1815491004
1867849267
147485245
817926581
1280655797
730611794
1482242439
686984767
129010036
1422230452
487616855
1781691761
364532047
1590979097
1693200280
708462105
1563033917
753067979
711637305
1277000661
2027990777
423339517
1770634095
803855598
1028932437
469042728
326739162
2019991221
656728525
1129153384
529752176
324735881
849519003
677237422
1142662463
2130174800
1407849216
477421254
669675919
1536859253
1899651706
1157292775
1171067366
116700105
600788224
716783998
825162211
16338493
1469851978
1536799516
1293339155
1350359107
1960139033
916489602
6731057
841587823
1385532330
333470219
714095396
2042260855
1462623603
1243847573
219513088
164658958
1921084995
1362175551
147350110
1181450563
1839596805
817026030
570826168
1591764864
1974318805
1741893535
1708464969
427623381
311193885
386143532
443961875
1781045863
1922943048
1737301030
983921322
1735598434
506306984
990652379
429702609
1891839314
1324122599
1143798005
1786616521
639262554
240161930
2006129609
803921513
13763277
1220821513
951271623
1195213841
912934670
1768297653
1766040009
357215886
1595132810
1360449896
2065680856
2022756192
1671643782
304340740
319234419
1305205997
79800141
2056535449
141643672
1815398575
415358785
1132296051
97617536
159714451
308935002
1241415541
1946330972
948197557
1481577472
1804976933
1752119070
1495340749
878314798
555907045
543070942
1791249469
176721051
161627304
981707
1771853861
1522077200
2066662563
1647126405
1046237334
223519656
1966360824
203959684
303319797
1875412625
345603356
2118718372
143287762
1477899407
68852260
303002213
1786834410
1310267801
101849537
587548319
644361625
1906826471
192183741
2139702375
637657621
748090786
535289669
281423442
924811837
696916973
282405150
549182051
71510526
201584065
48824808
1117747860
425103721
2015185633
1321707544
728423518
1743114610
1667310900
699658242
1886402373
997726660
768510502
41920938
637077422
2078778304
143770476
1224625741
575656281
2050596947
1416809482
567875008
540770920
17416620
1103164678
822194363
942228458
1800081651
1104599513
1491410509
1871592177
1306183578
1540235317
841856390
1731287300
1407937302
16080286
312227170
1003568265
1683391187
1011885413
742486990
533634199
1780395915
784407928
1170711621
1711690571
928178404
247853714
139863205
831291703
1664663196
707738213
1372062624
1682079816
1810902891
46773339
476824626
1463500895
1151372852
1968235135
1187609424
310072782
1360986805
2029465814
2041360082
621440459
2045546101
206103605
1625008724
1581453640
1217989018
220012066
2115087839
850901285
1004419995
1138315812
415108209
1932598399
1386169526
554971414
616406455
903349074
1262709627
1988469079
437945242
926128871
2035242418
914769869
242146118
1039131622
735521356
1429755542
1349204404
2096508161
1311737709
1243080839
570464973
1209800162
1449184444
47990049
643770154
519689814
268002116
611374345
1370591099
1272422111
1749690157
1785699308
1057536862
988376035
193187074
1673943317
1891725109
1455896702
1514928748
182186703
234541925
1402687518
1096956572
476688043
294335492
1832477929
1906443585
1643539897
1781502442
1070697646
739137088
204483767
133014160
40837884
252473817
776784314
560527698
520475933
1388158659
1931118797
1792898044
990365168
1569334458
702951258
1978741203
1762521532
229410928
1722982664
1070934586
1744339676
1905169368
1305476511
999543547
854642292
1782164554
1293879039
539636573
1541124492
789935288
173655368
464338490
1529072376
378139135
597352651
1569910260
630612952
1374136965
2130437958
1151088885
614811977
1914073108
796503281
1605177145
1335923918
1499454540
1436434701
950961802
1728865468
1011933717
2021896389
1325721496
769619437
1179889252
177781395
1624261730
814570159
1471660435
16414655
208211003
114112075
190070023
672549493
1643184452
568209159
1269902144
1065611064
1198822111
496555462
1048565375
202427349
1111367439
815154835
998930630
569060936
3595105
350901522
2005495637
954556907
2079766990
869945707
828969648
1258004839
1639565144
2008858901
1435786234
1116343226
675945412
759963021
1132757882
884156415
874075097
1322827905
1556705908
369775901
1891037064
679124405
1435386965
942375528
1175679867
336468692
1144802877
139563658
1151623527
2143733507
708624594
1155218632
347151382
566636584
2109775540
279434724
1436582291
791261540
1537439563
928663787
652636793
825742150
2045007014
1328582205
1585705171
1030281248
65254972
312296620
205625505
1621960881
682072521
2096662570
153601638
2117459487
891554450
1329281505
306444531
2036357327
1468845163
1458068059
2032607186
29986109
465803043
232274920
596622693
428094935
511709645
2033204984
1219356476
2049149208
814385124
1871993269
727407710
711908490
1053091827
165629234
1742189738
1118346799
477925854
1947815243
592824032
1159998376
1896994165
746425670
1129974215
641064967
2075707175
1436418746
529938646
1397068690
747003157
415062185
1427054800
1212806201
647337105
2023677493
1640901136
1159046750
1909398830
712773964
1060712311
576300306
437283586
1788120021
1288208796
1490375413
1953749255
882914886
461238564
284191462
683246481
1054062597
1444189838
432756999
1800488267
426680405
1073821966
1728711795
1863099151
1603760613
978296837
462618661
2018822798
257867989
1675424862
518676255
134061835
1168842350
1677723006
2043460665
1881616315
590951669
472277323
171416253
231588042
1760486119
1661791666
37853650
495917357
2123030230
322045112
1179163838
1029609179
1766234950
1611920837
682613799
45431707
538259156
263841946
1908530858
2142019769
1242138783
223665871
2013358919
1500006773
1899090733
384551526
1634068608
920449436
2062274532
1530045625
654582103
505742553
2002322948
825998356
737330596
1615325419
340306374
775184246
2111242776
315852956
1097229358
1142922966
1345462136
715980660
607360156
2028075935
761412367
1145619312
144434233
522459577
1140155433
1386573016
746125449
1006030704
739096141
497732534
1390582230
225681101
1418181970
1305373115
