5000
335763045
1340667684
307789693
409036458
1458131818
874987725
1727142506
1021728746
2143872424
154186739
2123168895
402658833
1702058172
14634574
96475375
1958679707
2139095917
153408115
441561841
309622441
1514597615
665805626
1803141281
2052161473
720741945
494974526
1693930152
202574097
66461946
1874300211
1575970777
402224991
1067484247
1883760470
811261449
378132417
611264548
390920307
1399861163
607653324
545107046
1375546410
1010312157
99681571
1390180984
1106787532
2058361278
1381793253
1260195647
352439471
1691415695
627309614
1018245097
1347073328
531987439
1738987043
1842047854
78433943
1941561140
1908509800
1952734154
1370048269
163251143
872734753
1106325092
974512592
1250867170
1717589640
1365432899
503244686
177759316
1910539946
1878791096
1188071473
2010221517
1121488433
147375357
1921099147
355798038
1407571004
126054970
2047213733
2034880619
1144300068
1246803413
419384410
735803463
941367619
497818354
529880955
702393771
303068860
1899929225
865644914
1175803614
858770669
1840157506
279187136
428876661
1058106758
782431822
606635977
821163056
513739271
1794707450
683900925
1635227704
1942082807
457516424
1991025742
1202170163
583571394
1890755828
1089567134
1727871462
990075593
1508951545
316191277
1931443213
2006769899
846072233
486353336
162355111
598517810
1351998251
1338158725
1457288479
1044672109
1617345862
1886165140
2102778867
252294036
345317469
776458275
766033307
2140024919
1460359200
253777363
1934624078
1917875624
97319458
989310593
353963371
1988075286
2078877728
2081834833
830667231
1440345625
250542463
614626796
1299631876
1096614696
1100980133
1461986987
1695132506
305494736
652662065
1004937337
1350166845
122524279
743618829
1305462065
374818315
1088936298
2081920340
1140851623
1081477569
1394795893
1394628986
868617999
1165187869
1491948444
1857928592
1519151240
1332540082
1789322672
1453502426
15723666
1082184649
1704044889
630350462
234332877
653175937
1731330595
1696319865
200824795
2036825331
201498282
1205762132
1239508529
324022561
1949380961
397486946
698840876
890833611
331923638
1839692499
1972311180
1726719531
1086837838
693445531
744423753
431302634
403890475
116091345
1763842717
45729500
1569593771
1779566383
1127914149
1126155012
262433197
1362247027
1779330949
1993763793
911083244
1980155744
1883105476
1112581526
1038434228
975130357
1436604087
840331541
1372617303
2135444963
1731165152
1704540942
1827653815
1555992684
1283776825
767008005
101954567
2028200578
1198310639
505845043
2144291924
814669708
551574543
1566402047
446752443
1679488692
545073412
709185641
894252071
176920713
555465786
1805335315
9592810
291087614
770433193
1048027038
1266217972
59553632
1888358580
491351627
47514948
1472040084
48408921
1875168763
880549121
1332185747
494693120
982503688
1212902677
1693003759
1488348731
1209710953
360189820
2039923274
628629353
806942263
1571928319
1173702765
1516127904
318696742
1350623478
2071593690
2124032058
1360216288
215197657
746981603
260759679
1481415629
806535236
1634611
1972767256
854050184
1473674695
2021176178
581735299
206740168
1205878277
1076428419
1189243857
271297306
621948530
530108940
1481008260
982138350
422548567
2109637613
1789080614
1994476886
1135856730
1157724870
165689980
338996560
1081834913
142238390
1699212849
1297032570
889219994
1959972528
630964551
1695755230
1961607139
456248159
402321766
1287798186
329940689
984057065
1494538355
1535818966
2060485484
536298564
1807116273
534950366
1066407504
1140640885
1517088717
1488956071
1102794850
1158685683
1335949309
91167932
168926905
1501639290
430164492
1250761818
1643877680
2129377341
400310740
385614026
1941866221
1031275291
2081369256
1755989712
1487523451
336207374
896304251
1817464140
1320264439
243358958
1205799459
1233266275
779657522
865432084
1768216642
1846065026
2006072969
1137821711
1187537450
961384171
149023746
376003111
1052552103
317950651
1877642401
1482716595
1568712470
1374036434
1464610289
1969023210
1759650460
1258992862
852814854
1693536069
867498927
192854657
2029743443
1763803178
2010318797
1202524235
2007162136
1068634608
288306862
639336010
1934066692
2056523504
337917388
1792656013
1046861567
1525454838
606556536
1195885313
1901457950
1659108639
1513835965
1631616703
994341587
935064787
858169489
311468228
756604349
470336302
1570461090
1609419203
16388723
290476369
1802273860
2046132166
2054279547
1665109010
1101172753
1913958035
586259970
1389479616
405810397
372843015
1298519472
743727786
18015380
197897392
121698976
624571917
1393782705
2023156926
136196908
760135022
1507289982
1130538495
1695199809
217975823
1442006723
304320511
688312125
864984166
1913739714
704700848
1155460535
1568529927
603349367
1062256435
1086155289
1704522120
828730822
1672415259
946518088
1234541220
2045258274
97553913
1978269006
2063273655
295451305
2099967982
540361924
1689234010
1975641261
676558832
301885385
1335447595
1807097328
1997085194
1553423418
1101620403
153922057
94251896
1966604569
2067661772
798952744
974581457
1488708051
1402302111
2036837892
427379692
959340584
718085066
2099794951
1905858672
1952626286
1997569578
2003412585
1783411644
1913359585
151380242
1735895979
306237861
1840614253
1564053592
982796693
2142499638
752017539
642410373
1992101184
157957309
1744030777
2146023242
252209205
1563151698
2066201366
1051161950
390249507
1407425769
305980413
279603751
1834805461
1265320997
997688818
1787116764
1023696022
802831456
1637202694
879624959
438759453
1403078631
1031005202
27171784
1709316492
724135807
1591225376
544629538
719151797
195759267
1187039911
563769333
353716576
783587040
562308927
605925782
199255091
481026645
1657087732
589504598
1888452414
1963068145
869108350
1575774227
1080905495
1866797168
1215407344
2104601517
522144976
705126390
836742828
960904429
2108205022
1867748030
988076213
1670037866
444400189
431817941
67183756
1163551986
627577208
1254223668
1727321320
981293785
2037810708
142146599
1587219567
89582151
623173245
1096823651
679086750
364142011
912408148
1548195100
1939916239
1993313643
1267508620
1007839935
1950431512
1789653596
1712966325
639690693
603074378
1673687699
359955075
1591150591
1196241918
804355265
2022968533
1263425674
1967907251
503062093
370165694
1547744923
1484355878
260492755
1689891523
924091797
350074906
165581120
2020915448
1029161656
529723131
785839949
429873108
322155722
631669944
1697381728
1329995657
434617809
1339551677
895478335
1074308502
1942626055
421682386
1434263577
1386292998
1617924304
91135194
1261777883
733866331
2059042446
1764839977
1104032025
1459303721
1101712207
1364524780
1001711596
2025804005
1714599687
1167292716
1899235805
596277695
1697015848
537592106
1026150804
2019171570
1169262051
576048884
1201683580
1603879860
1915600561
2097161915
530704714
1710742968
371360653
1964968291
949552319
1989284958
2056103486
63846554
575667641
1967662284
1828686531
1679699666
1279482357
782915091
896740799
133710306
661235448
463856838
1301003022
412987605
1060134533
850535222
950579712
2086285337
722223145
2119841763
514850574
1923906725
1576237975
282967487
1873584992
2106942689
1993710456
97461997
1924427332
795779127
2086746955
1833047170
859625681
514930948
1653225806
540828565
47146967
785224516
1323743656
943887766
918934822
1984979104
1407744604
72454196
250483061
320395489
922989419
1201062773
259197179
1645212564
1173420888
774047753
1421635641
602175215
1057015240
1147736985
561634256
903242048
1245198982
338577941
1699021175
1184462290
24141463
411163209
1699393238
1677367270
951991774
1746540205
315108138
128251782
542944323
1234042960
2113230886
1950688927
1306497156
216230299
123600769
82002927
1417293073
382797948
1727215491
443230313
1156845701
1001367484
1045405529
66377293
1620821
1607039785
969619342
1246819804
1945617726
521156869
283798446
1969759190
932320078
1983191684
1499642812
1884311852
1582248242
1814750950
2012563634
2125192565
901310262
1978310872
1928397845
60323770
47057524
2051998614
142326698
1464350597
287312914
1869542189
1907580910
1444158615
723426026
805502791
1510535908
725046847
265058929
332671602
1971866651
63193007
853828472
108181449
2032952197
1786148550
2091373134
1385111361
1522976755
1526137728
1052378663
1388056741
1503846645
1953688925
1218883966
1284760842
2014012696
1265941490
1189275808
8855746
582808439
1476588722
1878397935
342905701
773263689
454340313
1148408493
136315950
1179387161
1413467422
468987552
1003770164
1476660429
1322816024
1111951614
1362128979
961480927
1055841100
599756692
336974034
434495180
1652135356
1725030775
1938341825
1458340633
796431093
1075619020
1324869681
2062372583
117411180
1333725427
497697374
1593999903
1064639715
840603076
219779944
1518980028
1989011569
356095894
550883541
1254995343
825083447
1554653706
584172124
415823
519121672
1946301103
961896750
1574962772
398574148
1298870784
2009457952
2050709504
876417912
1800316129
1361566489
1672849005
728451501
538952523
1587737941
845862682
1872677950
2085435315
292378937
789834017
778554743
512158881
161330398
620082664
868254776
712213939
1875078007
1693338223
119383997
311766484
1693754046
638505669
110583939
508167149
65984793
509158087
1807037933
2075442745
412383943
535972197
1728275227
1773950433
61337555
309243080
165419308
1649075496
1155105762
2038097258
1587027163
1447484699
680447628
218098259
1959643581
841778026
838180923
680414709
1553991965
565775283
226269284
1673375963
877541767
1920023330
164397984
988125706
280706831
230382778
1497283794
2087744765
158341875
1909667737
476233314
1886617102
1536134522
537570869
48376535
1701553830
39162717
1203482297
1592167441
1626189881
503483349
125131421
1844288140
315643282
966909447
534985415
996057991
373417764
1100760698
1222327275
2046793727
1978302465
994866957
63708064
818944524
1275573789
294090842
168744670
1215834906
452432717
2078412407
1692068220
191566172
1467063282
82155442
239942707
1021133464
121318159
1443425004
465817257
1747508040
1946908353
590948678
1444312532
115067987
1557858125
1979297948
1111125978
1931275890
932574998
185969605
1830585969
763393816
1180836563
1894294033
1582338340
308926704
40901227
1751083010
1524761610
493333945
1682011769
1069346182
684900117
1001591403
1151501624
924842824
2022724868
1272819784
220784180
341058477
872844176
20208886
932007156
169673061
135276873
342381633
1487361
1246402852
126173875
934062359
1432372457
1956759845
1697456175
465725372
1703570230
1132310867
774652076
1744471458
735910229
151930038
90321755
270438351
1221276221
775221872
1272029754
225294197
1700064696
1147270974
1498113981
1920848876
1488329452
223474510
1941057762
272852960
393147571
2076334636
615234593
394634932
1175253840
741408469
1328697291
460142649
550684666
878669819
925868022
106771248
2010980686
1700520098
1851242706
599407268
1852450137
1941564461
869845619
926242710
569302685
2141875373
1151536907
121883733
1141662700
502167241
2042732610
482508504
725641751
1836306724
755361464
1118789322
1765157712
1370596057
1513424254
792927904
2112004526
694637897
1253070554
515205544
1573307716
31454928
621976793
1436804755
1731975026
325735851
2036212023
1436941515
119816665
758573994
215700577
689119350
752965719
1367237485
811003084
1894628419
1869404726
706252046
229653275
447562829
395075122
985014739
1566352151
12749187
208127149
932292757
805677091
172648027
1626930654
2058747645
687853572
1052754723
2090202573
1309830365
342075830
1674693952
1635566216
230804205
964151819
1755382881
989378199
1179852397
297018584
1742343918
399606234
1108021668
1489488690
121527312
1814273714
1719141965
569090141
61865188
556673057
2135442292
74614375
764800206
920251401
880291467
937448233
399698407
791555464
1625301805
1452453130
734274390
787648522
1794528960
261484694
275731091
2025333165
1225636513
2031113972
867227716
258005262
180648908
462087987
657611496
1288670576
1951576677
779138808
955460642
1523234994
1348228949
1017325831
2079908051
1336187593
1091940206
697224609
108955346
1972231673
1634672843
508653754
616303490
1112491000
1961106884
1350577880
1900139523
1608152197
1612062574
28386966
1486001714
690215439
2059500938
205745783
948220702
92666199
667833770
1605832198
1381336775
471926799
237487359
189313770
1995161793
1585716308
1206639601
1927586197
774420254
151096159
477327158
883375600
2123327833
2112000001
1392029354
592147675
1077007354
1205652591
1942725555
829663229
666321140
1407304481
858050195
4839206
2097519920
770067485
210584989
898256974
862733684
878418759
356605525
96586812
1350345558
594092884
285900582
1198023704
32325544
1492540183
978126253
806745798
1643636342
1455453411
1690121399
1619480527
1419969765
934667105
64144554
349493471
2140319696
2006870109
1179156700
659157188
1266690942
2037206895
663996395
1216727215
659790732
874581384
2114984189
1522524417
1753000144
324106066
1619111229
955862054
918198950
1905011811
6402110
950524495
1250068346
984528363
1757270293
746221040
292498127
1299908044
218217920
1712467892
87091502
282362474
2061961363
79927550
141748936
1093634415
739084739
1408439878
983357662
1403081134
477683445
1643148394
130178870
445183987
1018189163
1883179014
769290053
489816744
691557421
1687489004
247344907
697959531
490529851
1497413253
1682487895
100316496
96150646
1974986022
1400224541
314368566
1539970266
1487316043
596731040
1454447981
1567243593
738479976
400598748
158844684
2146919855
1383956410
1561925818
477119652
879621156
1692104689
922303639
1897810320
1427800055
1691593693
240143416
2119357476
1231599049
487488324
669833360
1722128900
1984901577
204837607
1822445396
2081052223
32339981
1075186289
247937141
1572310247
415018684
844668182
879274580
1982262278
1583148158
1279873328
2141106962
1582584365
516346090
1555549133
2059704018
1395967246
1100170174
834524009
1146293918
380486581
378634054
1386437335
352360410
1610233103
1873925659
1022193770
1184878355
1711343588
1227031377
859840104
1644912164
1259371358
1935026393
1892849305
684197957
202561430
590033839
1563472537
37340060
25698350
695862217
30963374
1608282715
1212208307
1586512507
1520503085
460691905
539199033
207543447
1606985824
919685615
586177501
845939511
1272046025
48926957
572381522
146756147
1233805312
136241462
1373787524
2093645416
1781153626
485675234
1881188162
1526519284
1169873191
2083749592
2116553123
585862080
2121089652
2142251473
1281724297
4569378
1603050541
346448956
1591081886
976069978
807140861
2130280919
1183613425
266643037
902482886
1769790927
1112582548
27045263
1818717884
1684964070
173801410
905039548
1821205533
1547588934
851201317
1454875511
2033264168
584905831
833911147
1055653711
521171775
802980623
1641515791
494777779
797748448
775756440
499347157
253315341
1122205396
2090429043
1229385320
1929346258
2073226315
265515097
48505647
828225553
2035306024
1161088196
855270817
1706540260
698568618
1029072227
464096161
372290503
429177514
1315297478
1827166015
314958034
1900203309
513593514
1370611746
273891436
1316574137
864643889
768669215
2114322586
1640400330
1268016372
220154279
615122078
1210961768
1449539599
396984688
1136704435
1715054697
445490336
1964929988
1602877073
1606578532
672717157
1161933686
157663502
1701789385
1626029847
529954006
2130966899
793843677
209636373
298441285
546563338
723229887
1669053031
820454774
2039804025
386213273
1589123989
2006642963
2026613603
709656713
79313594
494252033
1920618481
1528853194
891236722
909839268
1096424243
1336727058
727285609
551817668
795821942
1400002766
1713751354
953485444
954308503
1192297553
1483439450
937791754
1986141230
1693075823
1236233040
385220920
268822063
757802423
1205675694
161142440
1144015696
647316035
20301755
1023145651
1356972749
99615349
1517397685
1130107582
1628468543
261150759
2039946851
577409138
1597877817
619748812
1129226807
246216111
2019751578
695494513
1199701555
826576434
1887792067
535657358
1764368188
1726449649
81249533
853117580
2111670570
350071596
1610920004
1169862616
511214036
607452052
1817178652
531515791
1630597704
1026667753
631131141
1000511741
9291687
112116036
1261662500
2049238538
689525175
712056669
521503702
1818751982
958272780
393771633
366762847
10490687
1220348067
107071266
546148045
837232607
1833520916
627397579
1690350188
1797707838
977469175
1153786544
820086806
1488683212
1761238596
489781810
2020199003
1244352652
1516449563
503846496
97380745
1525741251
615962533
1359043245
1427496141
1305487708
2071099914
1948999844
976756042
881889046
195287829
1343518889
892379734
1415635896
1450590156
1438527779
105384855
1136627424
2065925358
1795735043
786851614
895910886
802037939
1606938420
237110450
415792888
2096720231
109825805
1660145540
1465686146
613672302
1757526286
843943749
1229634835
969085883
123956243
387638895
892702150
2072956087
1364394937
1774591196
120760268
560430178
519487282
1536396164
2011020334
1958015062
1641781019
1000164110
1876456772
1290032415
1787015724
624884010
2092070354
1246470497
861994460
360379594
1195707080
971820266
2020525135
513909578
1585492568
1630567773
1357853328
667643755
452170008
1481809571
1055282650
1344872158
1407282010
272193939
971979707
1528042278
832624117
1491466989
916954794
696160804
1301998403
411252165
1696324914
1030971528
1701284580
1335856991
1655855538
1645871287
434843840
370366351
2006250881
1630550920
1342186617
1879292368
2144460498
780195537
1362376493
1354830178
1447839292
1814546502
689156101
355638294
1011935012
2096438111
627832233
1983914719
1476996741
1460456350
1327898061
246467887
9133506
482412816
657720053
1705458421
1513384344
211520985
893831764
1021756235
1857392272
1328675604
1392122586
1716159506
811742876
586825555
1447968226
808719726
1367021092
662861072
16066257
667376736
329923926
705222358
1023015030
1341858938
654176822
1650847263
1178290010
2131173563
963819965
358704423
230157803
972953472
841117239
887877856
530928245
207017936
1099398841
1424760009
1228774171
809307466
605951965
473413109
377983324
1417694841
1060238664
1825951550
78930919
279776108
341328974
94997176
947152844
671252900
800219535
1970167874
2013111839
1454396357
1473531489
1043918201
1438086272
289867806
1402622624
1668244075
1262821278
96256215
408638283
1793749523
303274151
1508037125
1071025884
1532048322
169860943
1676977849
2005461431
547844267
947189042
918216447
226312169
1026119962
1197992555
567641144
1121117138
2145145399
1238894044
1921336673
1967829625
1104522235
1228249382
1293877466
956788
518852007
1583745273
1403579412
39612434
699082903
1499835628
448250718
345348779
1803109779
1956287843
1416374663
1187674454
2126148786
945868865
1045652237
526509405
1893057907
1963868685
752821574
771694221
1014377592
1320462718
1892811360
1012039344
411873115
1666664385
832385321
1516395350
747430120
2126262788
1517352139
1266282127
1562524413
773447903
1305894561
114123668
125799883
1754145279
459472447
1928909663
1562949474
1875847111
969100469
1541614612
674232328
2014752706
2068124017
419806587
1831137743
673461944
1191500809
698031688
1993924662
936828521
1710071032
258314129
456009258
394972705
1774709480
1203439378
373751845
1144577971
322237857
1936276258
1918025874
1628132419
2050399927
2043825758
1234794050
362388726
1825251773
650259877
90752189
646868594
44390841
764984517
514137652
2112514859
1184791105
197791748
638493155
228808266
895823436
484934169
1165636787
458410820
743248299
1621646045
853383525
370474131
677601776
1227135371
1515052102
999839633
1015927981
1285594328
480488404
918844260
1181936438
1715282455
1281232987
859704563
218058684
1371985176
1506573157
262449525
2136969694
2020710810
227480736
1174277151
71018910
865973891
1403085417
966842346
1350908061
421238556
1425253166
2094156360
2042884601
131153043
317146843
573002729
1358288414
1832198945
1572842363
226732748
970309625
2053330767
1145577008
4762416
1621129574
279326347
864466979
1839188258
1651311524
223556489
2101637784
1640797570
96783651
181634872
667591073
167802561
1047608764
2070676490
1134644907
251033177
344431398
412414425
197705889
239832351
543567468
514852732
812835081
1901855883
199568029
238193796
2128588631
1169877654
144040915
1126681991
1174640070
1765170490
1406008339
2039107050
1456875100
909836215
115179891
1411029236
403150137
211963542
1592664109
1070741210
379766103
492789225
993934052
1514411010
743822402
1338365450
1926825435
941528291
1578197801
322909255
1456381023
243549234
77281490
1655949052
481743030
58386473
678343058
625783946
1185068465
1852983129
243470788
443593156
1744606531
1700345888
1353429371
1859786422
963891477
1756579508
2071749964
409071938
679837070
304032419
901861163
1673771122
1818443429
1645683565
864652924
1597785216
439728208
295367077
1920694471
1896109231
538916312
1997975962
1404574635
1020659342
2056362435
2082917693
1646443288
1093947252
1788417174
1889914076
1537540408
1385540057
1442776317
743486131
1097842831
259184146
352581991
1022109147
668256084
1032419061
1326141566
1570117247
558706535
997101347
1068317164
1423359459
447402915
1508045372
1718726537
220613739
1256670955
110159201
71106053
513761942
1130818543
2127468488
449195987
629778184
1073932093
90129514
372208612
463988853
1475669571
1814984929
1207474985
426028755
2074169075
1560056976
1448137902
594941511
444992390
626795821
17575110
1003698925
1623897168
1085892274
279574737
2071300084
446453998
1998301274
144430175
1703124953
2108460475
215536228
69403247
1091795370
195521068
518599235
1721573554
1269453161
608728749
2093782167
1733442015
2084398320
1761283448
793433352
362943427
1687968876
206006680
1811081330
135426739
650999070
290393503
153001850
1654697996
1914290671
1238894124
1934272733
1838107107
1685348123
1785090359
1982537282
1240989428
1746067186
50589862
1310392676
690378908
246110931
1828991911
264468815
1515564092
290237012
210767334
1101522459
227151684
1972050782
1894955811
590095112
1512536010
2100962492
253692794
1647962750
604477914
544086297
1800964600
111692262
310893320
892375076
2045964995
1516780
430239551
1683571706
1984054062
1671228980
1282155244
2034643925
834138008
1972534153
133271208
515646271
89519320
1648835300
805883283
300286654
602874112
1033034967
124853788
350346275
1623130079
1637389799
303825119
1876822873
1137868901
908303034
273425522
791349853
1019995296
584318843
1683724929
918476644
585835623
2113964481
454564702
422406037
1637709813
1736719947
309566314
324364173
1561770452
442837522
840010444
1651289772
2091672823
1645893727
1951576426
547063287
531445046
2076430214
897409562
7091478
1566336365
1201234682
1883914351
556721618
2109537716
9856226
1348071471
982049364
594175069
884312753
1900526008
1180010692
850793586
207607063
1602416729
341019751
1944327010
1911983044
665383924
1358613814
207336918
1505394368
862419938
151526093
1003804447
666512716
698589380
1535249493
595459282
1595998943
1542340971
14312000
649749977
1278771675
571033618
611804045
1288627901
1919105090
1593853409
1882802970
655934195
1346895770
915330014
1506727781
1554502833
370263095
1847747532
1351346195
134762491
365647808
562476361
342099410
1871042176
1424896299
493625503
727362975
2091409015
1192214884
115128820
539384649
640730179
1657469792
553696649
1290480156
788757819
1124730268
1902284201
2077385720
896351710
1348653962
1812705042
1552285905
548066084
580551408
911530038
2102568917
950814503
611793922
1306431464
1085576995
977441730
1868907825
1427676405
701000258
1146320476
1921301908
1428363233
1090245843
966033144
1543492053
1629630493
1606763323
1053478197
35843494
749759831
1842236016
1160573762
504560384
1772138088
2056925472
1853214347
1437359482
1461727729
253796783
2017910890
225774119
208882053
821241746
837568041
1515313517
1906818741
1815009771
1236737695
1187011498
368526381
235574523
960829758
1796889614
1325820367
1926862903
1192898020
807967212
1386142578
98892569
843810706
2135902410
1941128586
2004384469
492979146
1565783026
1913826293
198709845
855658861
1228070375
452506629
726086103
1453844494
661388682
1547327849
143928888
29218551
1306662942
1958938659
1265956246
346190792
179981393
1501530770
1307020551
1976871007
679867489
1086399806
1022285379
1487834701
325058736
1121177949
184161759
313477498
914822887
41062580
806456645
333122265
1954888874
1005166490
1188781126
1035475601
1457673119
1914867230
341836447
2119061801
1314711431
485765335
796705
473890726
297220347
1266752951
820081518
477201740
620800073
2127102069
306589099
1300667562
1066018227
1328874479
641018615
1391076964
302568780
825180375
1704554462
1217391667
866242955
363527459
1550513932
673648181
1368693950
591811411
1709123782
678883421
359194993
2050960230
650461575
1673906424
389241917
651258280
313502
686462264
1918011231
820395021
1163664004
391327657
800013442
1470253104
1691995219
1866031670
651643935
185530187
1109624986
954212715
1010710562
666695800
24120734
1876953517
1030223260
1574634666
403118051
251433562
18962429
2112241833
930316983
378157422
2015718415
1580778558
2052063847
257476685
84553190
2052377349
943938949
2002564422
725288722
2107602954
246408431
1525302165
1430372410
1938403650
1243850187
2082016345
2123933837
205991525
888745412
987160751
872687325
912866146
716630621
1902910585
340017164
1119748672
6860499
358979594
1084506857
937177483
737137016
952741625
370472393
641717215
1210218310
455025584
546610917
6673611
310106358
1271899639
2114276565
556514789
649718156
1397165327
347434791
1893568343
1331698024
323884981
2099559868
72959788
1311045732
824763546
985825934
2027676353
580190483
1325843099
999941377
587050983
1684822693
2084448235
1524228466
274476061
889706212
1894700859
916193277
2099924522
202242795
1462804194
2106598133
512349153
587220185
2073391051
1068863942
1236938342
1323072730
1416298734
983023037
507287107
1740183715
935099258
580246895
903745799
1759862804
1566072830
783938505
192569639
744432281
1783879882
779620622
281771326
1720844469
156365440
556247387
463067033
2051066300
1472440664
415507907
105825447
787761210
374622393
618174601
1374981396
300529796
1687038543
464436090
1623602526
955853629
1447459127
2130889633
548553696
235074737
563652881
1452299496
1994937541
2129725711
88754353
40023533
726674344
1872634235
819644155
1008445670
1445995057
976009596
1564693057
1909062090
879592248
889650074
177086350
985417695
1677411284
551708743
1603592296
904909032
852238539
1143147192
1369345122
328357417
2099000821
669320602
311763403
500070870
904395339
875416284
1952370366
751849233
857658347
2041124719
791872766
1584332691
1766275306
1611516921
445294713
1064786715
440042869
2009987770
826365158
1319635117
752154196
1003451508
157569165
282081833
1555160251
1761161461
1186990865
259915142
756825005
408852340
588272559
708342179
1078172942
900035962
1208413049
1982568281
1775452246
1013299767
586933866
485626945
906940838
1378806632
2069959636
525732496
842839906
367770701
1590519212
1282882775
230274824
269400722
455034245
982429020
1272852230
612603410
1264510853
680528833
226281223
304018071
940443975
983106229
712870411
1528716534
1691448408
1791043353
281268849
752377809
1626127986
2056721095
1765677576
65578205
394864393
525134766
1444384837
317340381
1050867262
139741095
685111083
493902826
1422623871
915385907
763303548
1877658116
1897814927
2036155778
342777878
1014842133
569200963
569059101
1318860204
1509644938
1552165330
2031730615
890877825
1096130090
1675290320
1172146674
1848507899
1153934658
1081384121
1466701827
1219512863
1476248514
1991836593
516414053
1793588896
895220208
656155148
331216331
1389123034
2078779019
1246602238
4942935
1808953487
996933517
2041098713
4247717
2011775650
462816029
573306819
1183152206
1972460967
2125472149
1067399173
715855144
1074118592
595205845
1888001818
775142843
1749140504
821902292
94361023
821169719
150667158
2086197616
1337583772
1944256054
833934176
1993738921
127988737
75573563
1925034292
1374590975
80516498
1586504132
224040845
2121615211
1590751849
88332847
436947592
16575020
1271485054
261924912
2142047170
191400579
977780056
1068682114
786606425
718298227
1843824957
388263281
1540200519
1938185980
1209433000
1690867677
1876899949
399533125
1487640084
563350477
245788398
1615628821
638924040
23339042
842736149
719440538
1609843174
1066776994
693572102
1053111376
1155109841
1130519694
1069686396
279111247
1392444606
1064249918
470511827
222741015
2132932032
1257118252
941039242
1829273342
1645381533
333756113
1619975674
707330885
2024623790
1349391975
1106864010
1364780226
1912742453
1352652408
832925400
404182845
1375991451
1675661549
1123623384
838350977
594954895
1817195486
1891462353
1750064736
800231532
813665102
2029175984
45192491
1877915020
352204163
267933506
1863363405
1609322415
1208972748
1545153099
1107220300
1542728861
1017645125
1814551185
1419869003
219553453
773931548
637165582
2132295906
2126583956
1470090982
388995103
1355091759
998268883
1512618487
45959089
1593223778
1182330325
1937421442
1195804866
1982561858
603602896
1077497202
2027754349
334034269
1429701365
148204207
49914026
891540132
1357176955
1595067125
1998760432
752422168
465228602
1665827970
24807523
684782055
292275870
661973105
669594313
271376178
2132064087
1058589417
1626467938
982849322
423724256
1672427027
428589452
1606054582
1462364821
1624394319
1441132792
2065967718
554407873
1321403493
252518339
1984109239
1469607700
302432365
728165723
679301007
1897499490
579442508
1431723175
215244444
97786830
1456530698
900026500
390062700
2118503804
1569620813
661438878
2103084243
480726582
140423168
938449918
904450839
1812850195
1367039370
363021773
1127731369
843950041
1804154565
1046215439
1398357915
978074410
1298733778
1234983506
300198462
1601166143
1963149229
979499469
1351181985
395108089
263738996
1566426429
492894919
1720269694
318969281
882957619
1691289850
1888590095
1544396498
1646890446
221833029
1684819666
437856716
1126283868
1350186214
1804896086
1489305641
330433935
501362480
1145976558
1376649374
1899720395
2124050968
527899504
987220253
276765782
2129065647
802885834
1256265251
1332763984
1197993924
1520004247
751706765
1690888843
1092790294
1070676047
426362815
636596496
811782494
1970759313
136003294
1033615523
1508095331
573860010
12415744
710797897
231272449
1501721385
1041231832
732634929
500214296
270397558
484871676
476781616
798297062
1472091929
753547399
779879061
127494115
2009812650
2112643045
1325488039
1382333250
716866163
868893235
327639896
1787542210
1295256050
964236392
451841056
1118531715
1100239687
1485456579
479143398
1674099697
1497872323
1189941296
1905372146
852110061
83689480
490523427
1352324357
354087039
975395103
1829105973
1152384101
300003384
435169724
1932263163
427497500
297498727
1897422560
1752985539
1679831977
466805075
474395126
2007471873
106863637
1769651176
824224617
558704693
740699243
1924464304
2044161273
1219842642
1451080354
1394549948
262300290
1208968852
99176361
345989770
1699492280
1451500718
700076809
527403735
1133123044
1852460911
827407120
1568292768
1637240426
1254904620
1865791495
1387179338
860406511
1398139824
1853984414
1334801638
1258128049
1960848051
956969166
2082352667
372069097
1697668410
1859333323
268746722
770027404
1162930029
1663296670
1032327694
224415234
1762473032
1378317464
1923907514
1066490102
2078394274
303827601
52129498
1783371537
1131234721
1620422267
1273128315
238655693
1338730114
512824005
1099062205
589386291
219324771
286380195
1847514340
32689175
1243349361
1782383359
404758272
793534123
1494233035
673504994
1563561527
509679416
189318016
448405573
734094650
1951791048
1826723038
510518516
870797503
1757633664
814346118
922927001
1393521553
1945580839
395865620
519166220
36752885
1734595735
1031990225
1135815090
176498378
1251314997
1422195285
2024012718
1284004172
518060998
1658912430
1688762444
1311595122
1005661817
214783790
727673001
1515341233
404101806
1176078575
101952236
208409207
855317965
612470752
1079206710
465467981
1426816870
2002133711
1858989534
1224914062
250515684
230672106
1261666947
1985111419
1262662331
249998389
14126149
366493680
1672193674
2038138867
1650497852
42771024
1549567649
1191776648
1354366146
407745818
1406560438
2082039148
1923087052
1810662245
1110634075
2025039288
2019071452
1965952040
490026392
950794514
283936373
1916843263
805444577
2142925907
994273677
1055960261
226114365
108456976
893588032
1488776696
358455365
907714181
1855270377
2030649039
798369401
1358284581
2073420063
200453402
402577582
1280302562
608199221
1809138020
1214858062
383802625
1472316617
178008489
261358265
1343904421
2143960529
751384657
147215287
280413254
520744272
952659865
275855513
1515017949
2008620126
501969878
1623474925
754724511
1990746574
1981930290
1662438692
1698533303
1865095681
313324445
909334237
1791032097
513777848
1311911819
923851011
1121977069
973566191
2138709073
1505779694
298399161
169233914
1767137959
1642303582
165710795
371038968
1789518870
446124049
891783241
594695087
721979562
259317542
455831565
1223949440
1882792468
1210556076
1067212366
1717239110
725511121
618262022
1434851144
1038835566
1527596259
1078399593
1552613414
692024430
2002250604
527106835
1665590621
1993476029
2032886529
1963989782
15226295
1652540840
1458809717
180937090
2023579809
1100844939
627061139
767879402
1695540026
1349040701
1027196944
3887943
425506493
762505764
1214444020
1492718859
332261227
1939955141
2110980881
1767112371
831307059
1491093492
698028316
236436826
35634274
552795272
763543661
1701224896
398787653
648946543
1517731030
414013948
154003735
829057099
594951038
30099896
1929902038
1222012177
797979298
1477958416
423569230
1825176243
1481846360
849075723
440198359
548806732
194310934
772459586
341278225
157808168
392088309
1172585284
1648901660
1090116625
1409022110
1684535935
1642911897
25082124
1238277183
2041699550
674028667
608524565
308229850
828032402
1437581665
903180888
858132299
1220000055
2125193065
1656111597
550474824
401278647
1333804192
2032321184
1250354370
1774002552
433644268
1444665305
398978490
774922493
1602473473
791066800
1947507777
1103891485
1881183425
1209046240
640943772
1376611675
1234128364
1879220955
1270827577
1908157031
340261873
1579057428
588705785
1777843538
334754668
1446838084
850359945
312464086
955466034
1400834769
713742733
141786578
1285672305
1964097104
1915789130
1719316573
1261278761
167283973
346755418
716268586
958350773
146779548
1820160071
692050550
1355825788
313620196
2068662225
442470504
45357503
1192006155
203143887
385619376
623579935
791849672
15979266
958334603
91204109
866339212
1270798689
1046670143
119690333
1984541423
1188456721
1405362639
1801154879
956762204
977195564
914949992
1124046177
1323950983
1631218578
2082396950
1470730531
1303895001
626963852
679072671
1617515197
548142430
1121543175
1662872701
1740148585
1324687062
2048492077
216244872
2116536734
2064471344
1174579475
60257195
783326908
297894517
1106927338
903017241
134952292
147900412
160896232
1936107171
1104662616
1138091797
703573515
81225145
314559132
187308445
16138447
1785289663
1491203446
643102299
316878686
961234996
1191244729
1438421861
476624049
783909666
615625275
377632478
1000154538
584678361
294620174
27250366
644935557
1077947082
325144883
1751862895
1980964324
460097175
1899763307
2141860556
248720698
856942275
1132468705
952294213
938167420
1447027837
1139602658
954305867
1084833852
483322456
1597408167
1401712538
1444557452
641169248
692650751
1921181501
1425078915
1308276026
151330332
277749805
1892954388
445950506
305000171
390406297
1523897589
630145054
2142269192
1357378265
1090242229
1894548852
1351755173
1338962927
604007479
336740231
143773492
1542174900
1783768068
1283376150
348997119
721118273
1766698607
1946405286
2122830811
1063772411
440090887
667997915
837470265
1865169802
1976273941
988800597
2142919607
1721744681
1434751103
300436131
2112150978
811165044
930581185
2106936523
21059661
2020823415
1854001727
1372814835
1212302694
310525558
1709555066
1356076187
1852700458
1345839486
491968689
54213930
2066957759
111183648
2000619216
2042304923
1174956060
293226455
562819190
2012426325
10912609
391609483
853743274
6348569
2113354165
141010729
306784700
2078021495
952175774
1237365885
2037474370
973235435
1110705652
1743992449
198566622
175524699
2054518008
1908121688
1531600886
1759734818
1106477527
2023569575
1813948748
1025951638
2134753224
1667084317
920772913
1162225636
1960310772
1483592103
1027168313
1971223382
1875201587
1880911587
1977571951
1841072104
2021922316
136873003
1771609951
826614442
1374238888
1661600674
1799849878
337460893
1258109475
1998416500
512985592
1165143835
1759054541
2044586478
777395006
718048420
1920672405
443860106
1744000058
1907941981
2110944423
517289324
922683969
1923771548
2000881427
1949852282
1747511282
1728599366
1683280221
1577599585
1422187822
1557718890
1714472588
1046314126
236849684
941227828
560431152
2036699562
1278688721
1818540627
1887632415
1791674313
836200815
1499203308
1688777143
1613595821
69768080
1461965901
2057455927
1813768138
1222424234
2020916703
183573814
2145108204
1797204603
36971594
1947476838
1397232237
1765570960
1483273412
827348174
1040275135
893508654
394337114
2086589261
1130358338
1335564942
499536765
1019574253
466770016
170593744
759723020
110960681
1006794559
111442680
1799737825
472906732
181210760
1114220078
382879012
1994978898
189160664
256312067
31069065
186785220
2053516670
68040659
2134262059
1303265259
1833611619
1470051823
2130613433
726403106
216076829
377466899
665508719
1346435167
1713031841
1165045484
218525772
32318209
1335639229
978248792
143278891
194950140
1089691472
1943016716
667856873
1270902232
909753146
1050735885
1118397483
1098913810
1307047952
1149466548
1285699031
1213080974
1217507207
1272477442
368862585
903635178
595045617
351992370
1630038285
811122446
729459269
148063356
10073965
295007462
1313108841
228599738
327325672
501264422
1206848530
470604563
696214562
149056355
266137631
1364071435
1419958587
1175890777
267323672
390872422
127320939
1574371624
1540338970
1413019970
639968950
610362529
538013764
1008831535
1513997708
1133059381
1360823905
996552345
1944181827
2090283174
1144615701
1954255793
237806989
310240894
35371883
565132661
811505316
1242220413
1035737224
1507719879
1391276768
1301874855
724307666
663751708
330281984
991631339
1054624130
457602923
418519315
447479453
1870622894
1058488266
1057841982
261153010
2067319801
424356042
1394212392
1280660059
1420908387
1190910571
1223459585
418040441
997682716
1461266574
728281335
1033054599
2026399235
1539786652
127791365
914652811
900022883
1519068133
69044018
1624330549
35336193
399326002
468478240
1089960324
856928926
886997556
1537439777
580068172
1945485822
447798111
841221182
1865321975
872154154
87949926
998498386
145578893
1278860498
74474324
563619334
129059566
1535740898
1291900670
1162114166
1414656486
684203674
1289905531
181825649
1584226557
661490016
250869668
1061073458
696826210
650195670
1529551699
1786786534
1507124596
269065607
1176742663
2087192768
67067781
1624540774
780930303
1932389756
349211280
868880229
783404495
494790174
257079
857878819
1058409508
129316646
246136069
202826530
1291430812
1660792555
887030204
433852695
1842618205
323773113
1095342711
2093487873
1384846572
1792168921
596199895
766914623
1431471807
2103324492
1035980230
460730822
2043033612
1103048011
2085271597
676480267
887954119
286999229
1545360497
1671358614
781789403
1545617576
381753785
1840198912
1674934222
627889855
2043025442
818881386
141198762
782571999
1252734081
1983816967
1106345112
200593145
1929821192
343708036
1992762066
378537440
1110622659
1276750226
334378284
2146602889
1737481048
229928248
1102167252
1675268997
906408516
1990121372
1962268227
304285365
1513996338
596573982
1849902941
1895750124
289289246
1377353516
376156331
184831041
48751254
517355093
967403040
1301485336
353688413
2073748152
1502078481
136025957
269972541
1347356899
514563397
1380595200
476623477
848941681
1379714442
66620878
1078869930
334398046
1741889875
1985278446
177035770
1556674454
142080163
1691032109
5764789
1991983104
1439298585
295054035
1221852972
1815454916
479885076
1270604227
185326361
1447288116
424605915
539014774
1373552621
1926684396
675040732
1643525162
1126557647
1189604129
876636714
1603181125
2038545811
108867508
1669802003
969932093
443265555
1264208230
807726891
620301325
673399037
949807054
163849786
679163826
794306510
1603148371
974217861
2016159483
1271119639
1454102938
1139280062
1456446001
753907406
1563885977
1995460775
2127460027
1343086725
523017859
1623501541
322160724
1712621989
352654608
1925341849
1603684152
461522116
1447660204
426132597
904787671
564384787
1233859488
1525088997
1237783824
36182894
1688938783
1916947650
830489404
1144603507
743681863
699165239
268239498
50301153
1838445301
1724685499
804208560
1254847630
1572662627
784184939
450450707
2095680486
260202833
772611432
1660818827
612857441
550469633
1117019331
1074379557
1998129838
1543151928
1979167229
415030977
629527768
1356772578
1652814801
665710662
898227713
1422278803
1496200067
2042831220
18477018
47881658
163587071
68778172
1886326960
1888272570
872986732
993690942
1313451549
1657171671
1444141650
1261648388
1917374504
69269434
774983567
382748297
619739067
1892002899
1457127855
470385257
1287671179
1288811436
885416234
1917198948
498100366
390747387
435425962
1396328079
1813026190
1931626029
1291675652
1831503209
1979507688
1455262723
1900281381
1718351000
1196051645
625784465
564558294
362019547
135472488
2008699944
1623667935
2052846993
2077969378
251167854
288111642
550224798
2143170753
1745239497
1020610055
1283358285
886567285
1906026290
1053073585
1384667651
149290029
1488499547
633512083
1962316220
1272641929
1925187735
1646335781
1104665969
1232966810
1399133514
675533321
281534807
2024917979
1240091615
643554354
12906819
1101307912
119738641
2065753812
1031793642
370906496
206381807
1582018440
366593601
1951621304
455144848
1649951886
690704942
213687490
555541823
2075372593
362977519
2044041371
561401028
177810091
1169199652
339105115
1824145872
126381973
1572071925
1075795738
801915294
1853606733
953230069
2042006909
349677439
966136889
995831173
469416081
884407053
2027624816
840322577
1090788860
1462159608
1206916178
894926517
1917304456
709384417
1585631459
2130991946
1264926240
1513520404
346485818
1161483963
2074921433
524295909
183199967
266542900
200958134
309581940
1838614826
1276753872
1111497234
1544737911
82500294
1006020496
1894415350
1048637183
2001851669
216347783
1933044236
1881992837
1056670360
876349449
1196668798
116102891
1771275966
966489606
825487308
1209423777
949997905
2090413548
575460533
1296483723
1104413864
502898318
1820779632
1287613831
769441219
2021737766
1597195772
460572397
1151007991
561209358
2005310308
1233508285
1567229854
1752242010
134661820
1421597876
1968589794
2067706056
1156107065
877776506
796571857
205292215
993879397
420364175
1171781822
1819366705
1629787952
2121779727
1762296606
57764838
1270779802
719226822
560663156
944075786
2006840653
1330104375
818329905
1456552777
1790676772
1969337896
2017762136
1648503432
1055362533
1437508342
1253261795
1190024353
711622570
1074367941
1110246761
1867729636
1952144447
1906818619
2073021851
798540197
179699146
1097320025
470423254
1809487099
1071616104
85236212
1867251937
194912258
804463034
280431445
1138988045
663820040
1610535821
1957317950
2120372817
1253728945
1779172198
1990651305
754748730
687051083
1280676000
2008010525
1877075436
1992298570
934894818
839838549
1712544558
739555617
599173520
1638082762
1538095814
778872667
587919139
2008519069
440876118
1659535244
2093755281
160644407
1854447502
750734668
441075852
845951899
1414554708
2051611673
655786201
1387443877
1157856971
287474751
1230611535
1912605701
974525834
363803887
1773132578
704117622
208618809
560543748
1543956172
1921163368
1300099365
2143129692
1411762482
690711532
774518711
1999681621
551746953
1215394829
1511733217
498018586
1376039236
1218697072
1248753254
1817115089
2064648971
515824314
1721243114
572951525
1903268192
731616437
860426276
986396079
496738490
1834952111
1350199966
122387420
391586085
1558818775
682931168
1935542257
1332498495
1983030534
1931188302
596777329
526258418
558223365
448975303
1078005371
1773618195
1960708520
1576023957
1002173783
1031921944
677293564
671805224
949087268
1193117878
245564691
1522038793
948902422
977181128
234981421
1935298501
1473919619
2069933532
1138014819
1596307039
314035970
549349947
131754560
102094579
1881848442
2114785094
2033282881
331142124
493559864
444022599
780117427
1571565235
70157146
593342299
1000105544
1072330929
1625264244
1677399108
1744136154
426867864
723033339
1989700845
1948906657
1671935761
819398325
36404430
1459750615
145834296
2106337963
450281786
1742141336
272890285
999631733
1873895896
374984864
733996528
1841197342
260784098
1065138652
187273558
704806697
1845256079
1758838793
774963843
291114730
611460689
1847294772
1916378974
141376150
1443947278
195763190
864409489
1286164475
2144669847
388861602
2105562801
33590630
1848612217
103913449
2139928593
151410356
1846054785
265335230
1151042089
1572467033
640320094
1885038617
1266180727
901104192
802693621
1453454285
1605910889
500466052
1064809430
233391084
791580783
1676270120
2080685857
560476109
1817646270
1377149487
756239300
534572111
515830315
753425499
923433713
473909468
787016129
624562283
577822917
779461074
775972639
276394055
1044796304
1927014728
1848861088
1685116399
1664569698
967558168
438736943
319779671
273528805
2044647833
820245724
1338338236
130555269
1611826507
867124708
63757478
24818968
537287330
1440906966
781058268
1071859441
1956737281
1534483768
1995293154
283163101
174016249
472371789
860986018
953477324
1248344428
1137380073
1998273628
1027875509
838757514
1535906379
544961559
1806315682
1974643323
864741230
2079844487
1871807508
1684986954
1270699075
2002362777
1149329813
2137823783
2066120256
1174148782
527627465
1359543574
1955207050
1599486906
1168797207
1342207170
1447296413
1451960308
1516223420
1919668202
165462678
322217096
1020528983
1302842752
173007076
2048404492
2141600266
1708913456
445882403
1800432300
1536073131
1310623633
1732793139
1260396991
848126940
856008567
1115276120
1997456753
846348702
1033912728
1024121887
1373976168
245972654
831845290
825979426
1414769861
26568812
125792191
719246521
1542792232
2045460394
884709200
1865009328
918505729
40068304
2038016405
819426573
34184922
1599446213
1265308976
1834617222
988035696
428448961
1419926713
100949039
1276575901
128451632
1216225159
1126549007
974800335
102654240
3187246
201292855
348626894
835032536
1027272281
1763396756
861601349
1153064473
335159629
256909933
1051041219
1219868829
2121919262
1969546948
1259937133
2012452019
641489873
1294122055
1464414584
1906798849
981255629
304966632
187764162
253698695
405915671
1464340064
382150327
1622140830
443405423
1356950662
1724795070
446592669
1558243517
2073421965
1281625206
438032151
1689335073
2143226555
1591096624
2024494702
252652840
494654195
1096879884
227088454
316717495
209333369
92056825
958207368
1503455425
1556471409
717522569
337227406
1861438041
905286731
590926101
119870064
222143147
973076429
1742010895
665548570
182543443
1319322317
1112141240
1740786961
1245260634
246282798
31335464
787112059
242025705
1622432088
664123114
494678545
2117086283
1761002998
721767000
286320130
1970336367
813823825
1244527498
1326308144
222811587
1962050067
1663535551
2084249628
719853150
106978004
56636045
941996298
1080054433
1798646940
1607544868
1262597877
970485609
572202460
855901190
68262596
818485258
887236654
855374655
1060510963
362185094
1519497769
1555189509
331787729
1133017119
129472861
618107859
955869839
943296686
1862635357
134694335
1166108273
1677201776
1798229886
1102874254
249571278
1905207891
1159510299
1191567576
837778676
810673591
651628797
2100376553
1781159200
1223831257
808794095
1849421796
2042316516
1696030749
557312804
955343831
2058215843
2076810573
363049692
242519924
1062344045
492522553
860627783
2018213884
1435819240
575779492
5424571
454443865
105497620
1803654458
1557318119
355068899
1561378701
569344770
1546636475
251673729
1380018361
50781624
204566635
1013693914
1274612882
1013360730
715632062
1169445750
561907832
1272944866
2124789581
472640027
1202271792
340355626
715159952
117132189
832878179
1575787735
2135346073
121213771
4083580
2140770644
575657637
109581200
1796941454
2132975756
464650099
1210836507
554836879
2011286575
1462510237
1934855240
2062068199
1667076872
801065506
1189197433
532953954
1516697569
211159535
1094861786
642158787
188465469
1567501814
1844430579
528821095
135178118
1961562768
1361699274
1710965853
1949425193
1482913046
1715049433
1942712190
2058570683
1824630634
1592169996
2044062791
141797085
655522856
451416022
5600012
2118033093
238787615
2067668212
1637626317
1039853121
1109381997
23096623
409067042
1320541533
1117958410
1051225830
1509007002
537976576
748172761
2037828097
673154694
562251882
1252043723
236636899
364193427
587473121
1951686333
159421969
498560156
1628833319
1751591966
395139300
1770630404
259631174
846555322
1776230417
230180619
1085342937
1696414981
1867806936
2125196059
658313330
1890903559
386779453
1978854863
861378321
1438005283
1340378217
1399354897
38694397
1230722666
2072509591
600946279
335282742
161662843
965139706
922755863
2113349176
1124561676
1421316020
1594698847
728669994
1816455320
1217845603
988301168
515526994
846592372
1218481787
1600869932
395523705
938805075
1578582343
1053837036
682224986
1965361796
885208251
1543603308
1255883432
78102821
795474557
1294577829
1308825487
720500501
1895524108
1644108229
882163344
713180166
419380445
848028872
1837741842
1840696465
295244071
418928188
1509668137
1513089674
1407229356
2025195131
212198399
478227495
1478581415
607722104
1417032570
909680110
1661559140
2099257557
727558259
399283744
1495377217
1983441691
477386565
143368126
1130535872
1786212052
863868627
878576332
1282836634
1746031971
1591756498
1702217079
446577195
1282014693
1395429896
741821266
1700942881
757614385
107427293
960688590
635325868
319625692
1438916085
2113907284
927347796
708465008
876103746
441423289
660238917
1603662005
840707033
8132486
1439620048
1318093598
151500612
422672272
956822002
1015369240
1301248604
92174988
613917563
745521455
1794392067
1060494759
2027536148
1042338315
1802316025
1580995381
1799952700
1909743318
394200323
287794921
81885362
1833116409
254218557
1009233159
394097769
1130322303
1450656448
1054336686
586500661
143879833
1062469172
2026120709
1461973431
1213969784
301309334
271311785
81855376
1602557938
363486774
695772940
200595745
10395193
1756267699
80648245
1052733509
1411100076
1661643627
705202561
1173359747
2055843950
992997482
1255245109
1741476711
1247216039
116994620
2135574480
230054695
1567651068
1042427518
816555356
1711530901
2104896690
695192417
1026020684
1171382827
996501751
1297332470
1253238203
451576042
1660819244
1949011143
652171787
1671214437
1557795194
732820033
576464298
821411623
246980012
1281666860
1994771370
155340314
127180694
1102532831
1896817026
1374396734
1219527452
1884907858
1604451429
639694872
779851729
273523137
203742126
737264771
968715554
1229762810
1908647598
1965217306
379611632
1014402154
269309700
2040430876
815929649
921481487
1564161666
226241196
1654301520
2140625964
1047652819
1901281532
1274809176
894940541
2056621847
1401989871
1997473372
1805955225
628902957
1069517176
1543379435
85870738
1709212049
175747516
359393875
1912954175
913012288
1328109429
995233337
674176238
1145843087
1374844970
1688578392
1415152787
1267792198
357024394
189150627
684470216
583265590
1843452147
677612533
1630918409
1597250032
1952421709
378375302
1506388231
1206927932
228365026
1164859808
1835830889
1297882203
560755595
1921701627
859610604
736503112
133611854
625081131
1649515400
1461721284
1620314468
176207990
460080723
847675790
1864786383
1875233511
2115467989
74327129
2064384138
652454557
657592719
1760352637
1330067090
141027480
1210119021
1135005152
519402782
569023604
194449436
747767808
1733883412
2030280326
2045650011
147155360
1804498305
757776967
883658472
1938110160
1382858098
385690224
1252347796
855688919
561898214
1712428519
1703364709
279200949
1440178382
1671349050
353528078
1357078872
176319960
1011120797
969947862
1506387050
1152148277
32583235
493908554
1671551059
601606840
688357991
271835220
188006604
571154669
170001583
335161964
228169326
927778551
1218820436
18795838
163153001
1604510660
1271143634
1018841920
18925227
836088506
574722982
298126176
128783240
98588384
651654255
1485862113
274908344
1662775052
308326327
1781295395
667439682
340909562
127720301
191507093
942516402
816078292
463342313
1130523007
1387232961
633343897
1465684971
1615402288
1561122448
537021760
1634198126
1724275449
2141532420
757858113
595633722
12973999
1593946619
1170356704
311100176
1722729859
1268945088
962754431
