5000
1558280725
772133879
1170236760
308467855
2096536601
1208206031
813091237
762360874
1946456466
677069724
21320747
1424931046
2112750309
1403096018
1092279312
592212116
1138485340
1828475695
573823007
250100739
1949099811
432286801
927266186
111465184
1071655314
1392220726
1929036495
1397638236
1683032371
1699085804
1173674878
1093829449
323736035
196427991
1402297304
272788989
1404634022
67904894
1035149863
1203606840
744974618
1056470610
481054238
710241279
312082981
1573333550
1302453395
1450568321
1254325598
1876276403
1700669060
1055941761
161079556
480451598
1167406945
1232734870
1872672325
948959792
482889459
1408221048
500561949
1656564337
354566849
824297984
1852992328
1756864154
1097086973
1110142702
1824769048
2132236836
166265894
422260018
1041223799
647320133
1132501297
1353306780
73170035
287471045
656391453
1327495633
16263800
209576866
235953746
177343356
690028464
1403360691
1410078227
415217141
204836836
1892967686
1823438190
705398785
1402048375
30521391
1529696769
1107557056
1787385545
479300095
70216110
1464670945
464053283
236482005
1886930963
1505277082
883802138
871948613
711100214
956972173
1159419658
1367491668
136984159
1175683458
1577068534
372937905
1353026814
119613350
1776298597
615621393
534830492
1981135433
361105431
210785034
539050570
1763153807
241306425
2068747339
723227215
2028691971
400563786
793443325
1345879268
864617070
1029925330
1085326584
222410504
1913727468
1957275197
933510719
723215994
969211207
153518739
860200153
2144894665
1730587273
1233138058
1350437831
1850200623
861953007
1966059225
237547467
695604792
179681008
448332501
1234655362
1942834815
689638927
1155919054
518578382
570847250
1556482840
1312021708
1916726518
273616262
194463390
854569454
496026767
2108190859
664361003
1429537486
683923205
1633572210
1583056225
1544123358
1630983227
1166159850
629777768
833937411
868876825
1491730776
652512988
1106424293
39851920
832193996
1554756794
1274507283
627545164
96912073
282942689
1146123546
667759323
1839425529
310661606
437002194
2113041792
505124997
1291571648
461584911
465832208
1955932652
1891122397
1149755413
1442021214
1326694974
546395123
925520794
345371176
1176172891
1759458205
1214248001
520420019
264487545
173188646
560271940
1096681541
1727945441
1834779223
1724226705
1824857514
2117721912
722866604
345133190
1809663793
1033528210
782135384
1775221937
1538653207
2073707032
89323200
2004485415
1882156036
1980445597
1006757180
1176693603
1159656923
1553152303
2102214397
1505028099
581841547
1714188954
571792453
1102261566
1978676499
744981099
1662533506
927874392
325442892
1349829081
504617450
2816759
1320067345
1227484054
347949949
982247491
113528616
1130085333
609985780
1652181824
1056308717
699308981
1509183591
790981106
532270930
368457124
1967674709
1691927854
1921609427
1922405458
1049472305
355967326
1489110764
1621264758
1458228893
1320303615
218762210
973278751
100694359
544205102
175624185
605311809
547021861
1495691530
1832795863
894971810
330455373
1946324480
2025057143
940441154
1451022656
933882213
1639750135
812722599
1724863319
24537417
1181179723
1545054380
1716465271
955305503
1319976190
618453929
1311272829
661603306
92235039
622018074
1981906921
310997249
1595296826
2082601280
855202352
1770921011
540429442
1402224213
1119128893
225741657
149712376
1449584267
24582489
27285871
242541773
1475605145
961168084
1882291908
140844097
538547755
1906829325
1322023820
2083602135
1475810949
129845675
1256094677
2094264878
1441118505
1917697983
39016269
2063136579
1752121256
350013519
1510949757
1687238889
1205215871
1134387120
80184683
459956436
106032366
305926340
609668812
1555616633
330508830
636954684
1798158406
1806113975
1598122768
1532966666
1946958072
2136670524
1292312343
1121498245
2072789011
620639644
1251343920
1181400041
567420874
544978777
951614376
606437144
460631709
556251985
956450663
1971581466
96007226
14182886
958484939
176191909
474139322
1064517305
482118249
1083808135
472650290
812627079
1720762819
123325048
471257407
1171401939
1656291714
270731831
1160588815
801120409
1392230076
1085894179
1421760054
496090349
119810572
1989180928
1041069126
1071424948
448134424
1501700835
1627676933
1404585087
1325798654
1723684159
1418767973
136799945
1899876068
1892907296
1201317250
234510670
829231783
1673967540
1047137749
402510954
1797292588
1518395156
1573912893
1306100654
1789126988
587018061
2107221063
1033873416
1672912240
1381497469
1529963765
1792722812
1223194750
423549244
716664112
1671329174
1925250079
196857398
928430614
1103565085
1920541557
199714939
1240365030
1672933978
2092622235
294198632
1907444648
774370370
1968166172
807098749
1176881324
1617975112
178010258
603310570
776592118
1967137246
1190328631
736329534
853527014
715757223
2117827003
236007132
360996387
1193538105
659556376
1077660499
717383632
437322807
1274517897
1645814246
1540887893
1047575807
1845529185
633769275
573026137
1790667773
927967908
332987137
417554495
748650432
1140085886
1594435820
219141897
1318096144
50262742
995734015
1137749742
1240591373
1732063549
1991276757
1956348596
1702406905
79800241
169861335
748461362
739356617
1247521834
1465844994
1176679424
374556084
964175592
570083669
1422131891
662221130
1203852945
1995158028
305405255
2131820853
180661517
722959750
732987637
1320747403
169911922
952129534
491359900
220174664
1947863550
1629109642
1460766037
1532443451
1472902751
1269630985
1087366708
1552702992
1439492320
1835828071
144575961
539530507
1154189417
1321255386
914086591
2118365010
1891339055
188734834
633102492
947708352
36409214
938507747
932045557
217070731
1661467497
1665033195
1537818134
1831379420
469679081
2029178034
2051554084
270058983
1510804029
1364836474
1802502435
836223132
486983811
742385495
241442477
1926476132
430729918
386018438
318522991
1584919336
1707273824
1232609582
1555800698
1451129232
1421344416
41419542
251353936
1457753630
979927289
1183399494
1674824361
493911138
700949041
1065158847
177806910
1170628122
946853234
81877347
1440687106
310173615
1446713821
1095705893
1146396747
1933697632
1838091388
1387839224
1712690116
121337659
1773857663
2031213107
1706256995
1333647839
1116339041
1114574045
637293423
390199809
1155993587
888647360
1847953439
2135920876
2072046854
1375294152
482348366
625512247
292969352
660155277
1796140369
1239822586
742032624
1089343827
1549996201
41262797
37566072
548909300
1974960429
1875657461
1936748525
1540166898
1996995120
1563122540
1423896357
1555768467
749286731
392751751
522858864
1386580155
782951560
1678852451
127743867
483421352
1667289679
52307073
1858715504
2154397
677819320
4201208
662309674
326476041
1244023794
1404342298
1415819869
646536347
1445605095
1453385941
1195445648
1273081877
1181559754
984710525
665765127
1031071226
400349417
2089661484
439356045
1149636148
334929587
962214909
388732655
1117881148
493583712
516476522
1601302500
13389743
568783595
1312534356
15544141
1246602915
1316735565
677853815
1573078957
413275711
2082196114
841415178
1059812059
1380317561
147317471
107774059
505915790
1328877226
1092484584
1171680917
212464804
1492834001
1113858754
651820850
494986501
1448788341
1614035759
883719157
419185841
2107619472
1400195679
2020488341
2121009215
1968979275
1185539050
2136553356
1068098542
354790967
666923524
493693851
768066678
601635990
1335109029
1827878737
1981953551
1482426501
1935652796
340385694
663820079
880653732
1512066611
876284883
226004085
478441717
1528105733
720990587
1927230059
994657845
1604709744
198932252
954793669
857421775
71936946
928319236
678917402
1257475996
917388945
1747015945
1612266963
1584312469
93226148
232849993
38464811
1428335178
2060728731
2020418362
763278031
1848897879
213320408
1427098110
582067964
1725387020
155899345
808072049
56345089
1684005079
1529062636
1983575148
531179276
986288732
35023753
1485972945
1843710508
106960699
266808533
375144262
1364436695
1184197478
2122160207
829220010
621026299
67902708
1062070003
659491110
1496237886
975315086
532425825
112032269
676729318
745746233
1539130379
1258797282
323649605
1695029724
2066869331
379994695
1231551155
1448448320
216086195
1762730431
287253404
251109948
1101219728
2130963912
358070647
1368028262
358624527
1722507342
404742092
333301086
404243704
1025768392
401203794
1466313708
1685259502
1897441680
294145146
70201679
2009473949
970874464
815947913
1401120680
82188098
1139597518
948666757
1573782
1519592213
32734264
1450022102
1735678409
1795464696
1737275506
1986788357
749200776
1720755771
197375357
2117229038
2079380298
1919882699
374487483
265197736
176642756
1400255875
666401531
1642956464
938031729
416359563
1937101610
1008233409
278349865
760492427
1824181322
1679470545
842680525
816295192
480653654
844254307
188403758
513387919
146792761
1924082167
161368967
1884068268
1763386876
910569743
1457340391
1960762233
880315134
1389237041
1733161285
1254802617
1654434777
1909804041
507574844
173352660
1405276857
1445606573
589712224
1194894819
306356334
868062089
1955387246
2130537656
400048986
650584124
799349201
880702641
1494838431
987752959
1394090560
1641631193
764351478
1555459527
1378215813
380254706
318545622
688072556
193533292
1198860756
2077309597
1926694577
306179725
1584260726
1689014970
813754569
1757613387
946808179
111877495
199841963
2141702998
418233829
1067904052
1949606597
401287838
1467953038
452707073
1200637039
201172031
1947545504
40906350
1595262591
1441693049
805257828
1003238470
672425214
1185512534
1321784093
1360497770
1379045826
373161201
1290323719
1158256755
679340927
727100798
699788077
1493095496
337230537
1646596256
1604972991
537072500
1640815607
2023206821
1604976552
1442938556
277011011
925445942
1895645629
1477648050
1126617974
1695707485
1518554400
574396917
989916887
176328580
1577635388
1662342101
1361841114
751935833
875356224
593403293
1125097034
18196295
1751660048
1804437961
745297093
303964478
1150049810
1082527630
1950560734
607539153
1619600130
1443892693
483262326
1077093034
739347601
760273337
2002538977
487509582
90437739
981673303
35733420
1608992139
1556070220
1025650307
1785320719
986221960
540508760
999678186
1738157793
1415864984
1593081479
715771180
1434061280
1197257879
372725493
31874725
1501222357
1522775303
1114402356
1304299444
2130314457
586518838
600708489
466093135
1663611873
1340056091
1226366473
1518667202
1827565673
1316804212
352856857
1863299093
778312704
1908927077
741465752
416149775
747665390
1281974513
1415827961
338339535
550355849
861425792
1054110715
1984417129
2058683672
1426836209
2016291855
1412422381
802127864
983210563
569238177
784958673
1569729401
1169946667
1251051809
1085857626
362519110
329934634
457041180
42601135
1646738846
809898037
1905900229
277567902
571341467
499882333
693717678
1319006857
1781856846
2109545639
1657346392
184729048
823487784
563973460
21662529
734687808
1990809669
2037954384
2147110189
645453885
873681299
568864719
1430412559
295927053
1738811386
533980720
1381784679
2101330496
863915354
1838825860
2143931631
363170552
501240249
1902348212
640738455
1072581716
254746898
1334456133
244104925
2036603744
1296518124
1901451318
73849144
2120005908
317941130
95511674
707210068
161267151
2133466058
706836610
806721036
859663710
1275701329
89649947
1155590763
867029067
623630667
389891794
820875915
1487546021
81234006
817323898
1850716574
582474256
572188463
343971381
1655055972
826935361
1678427514
1899160898
716055457
827461990
1653128568
789904602
799984251
1971069698
885416276
1507194319
2132336849
871398686
66547281
791574237
1731062396
1342248610
881224185
739169511
61794029
1504854852
1129061306
882669944
844917226
1210295312
1699993843
548150152
1792769568
124698658
892121533
1300341893
951634019
423065399
1052019143
1667689476
1250527389
557664063
310110430
2050511640
381250113
1195526706
1410222312
366103314
2066925393
1476769593
1157677551
1650504141
671534556
2038901736
242190005
733328585
1396272941
1371251311
1615998530
93706519
434062975
1168508725
641856671
79348896
1293207383
1533978204
1379690789
97357754
1957043603
284226284
1765047230
1060087344
841890347
2075157661
963115337
1223140460
1123200719
225854001
1589243774
1042642464
1702623594
599437677
545662958
226674502
490855766
787852963
960003088
1887128707
11620626
428517970
1980835226
445683601
1597026695
475208249
525032497
742750430
2009186453
1904723286
840108184
1818746408
41465922
457671766
731350104
883356269
385345779
1694465441
2106496729
1508546499
1920319442
1548256855
403705315
1475459389
210885
949368273
1702133891
491066651
1737221236
514653331
230711710
1748841862
943171301
64063288
47041816
392714348
539271537
572074313
1135464778
400974342
329313952
1975572962
72237102
370779874
285761081
803587206
1254136144
671106860
350569000
1213149225
32169711
123404794
613922433
435875027
1598864183
614133318
1385243300
1153514427
1105199969
974980889
1668167758
1335911679
576339103
463855412
1399974967
623380919
856569760
1939246504
1195455233
1992034539
192737198
1524769185
1820123853
264974300
1895549059
2105884934
1068561506
1002201555
629508147
1419130506
67867133
661677858
1542535301
681789566
1097552885
993915836
1295922884
335312538
2147430263
253639205
1310293427
1668114374
1589550884
1886632530
2131969786
842042203
362529802
841055898
633805059
1557985035
685606789
826542257
935270572
358246995
1091516557
683335983
316648281
12594415
1685537539
946156428
1431724922
1753404672
1607834287
826776575
287710590
557903524
1820692411
1583633474
893216062
1820639027
1837272679
56025841
1341269753
1279339915
1942658372
1325755891
2121382118
157704526
19328141
607703529
1715689561
704934931
1434245786
503476485
1063181926
378278695
1186812468
1379830207
390873110
724866359
178502988
1822598032
330787383
1786337275
501890959
618497973
196757151
175099723
54647799
1089973214
1995738750
1891920478
1145999055
1189524855
1023776745
941173779
367797098
997675215
1098878305
387125239
1605378744
667084218
1092060170
892140882
1170560703
7758448
1270419577
209889524
1387588656
1661292688
934755883
1566091644
1336407072
1265543267
1204945271
1838298032
1884041240
1401702422
2013397755
1938689040
344191988
1861652857
1683125870
1490191044
903694064
559418968
283881175
1271491162
1557094183
1382759481
1658616401
1014989280
2049843699
603192924
1907130162
1072920755
610951372
1030066092
1282810279
1998540028
543875132
70082514
1417148024
1880282204
1335625781
474609647
1571096588
1072183374
1876312070
1437010695
863388766
73020410
1151179904
399030988
1563211454
2054873968
958449956
1847092630
1178881482
368060492
1082368463
690014236
1383049772
984728514
1293207160
1142696286
2057649269
1904158532
25278730
1192975900
1755214913
569153862
1263058415
1024879289
301952419
451200548
1499488937
1873049007
1523383922
1228317359
1162576055
239289040
1301337769
166272311
638320029
717065576
73662632
1596769985
416674558
1252544114
1964830477
1499043021
1942558350
1200396601
336287887
1088281862
195609240
246453509
844956747
220887970
1439429409
452688012
790041833
555004176
1477567301
1091994252
1006204725
829572590
817559611
382104999
2057889949
1980135666
621394040
1211744071
2146407978
1259714069
1928809647
72586962
709000406
198000557
1325131076
526347236
1697043578
1120205779
1726743837
2033331465
61003993
1922353077
132301326
905960740
2143241048
1571730736
1358648752
785799233
2126734912
688732406
1877793485
985455989
1518304996
547869448
1367560989
1428711298
380521467
1988955029
492971721
379445797
1101185450
274297720
452032759
1810185856
472298277
1777163835
189049444
21858207
749885966
1915793282
2055189672
810889960
1690662711
40007351
1716850700
1686420111
1611738087
928015805
324735696
1590989351
1616748211
55045533
428961693
987569559
602914982
1796522682
268797209
983436449
1637994063
761768930
1362882246
591695865
1036066650
1814915005
254398073
1508364927
1444595192
443447518
1530223134
46997511
211757152
1437929159
857887471
1902419863
1477936510
427254523
1441356327
942190949
1355270328
1766092023
385696652
824534891
1821137557
814658345
1812104451
276568891
463697379
2080901660
1260005340
2101691442
695186943
475403938
545903659
1731253593
142835295
800301733
1092134873
1587430487
1243749251
474874359
1634427998
1455506403
1912803518
344831821
1210442618
1243256380
772086345
504315297
37963681
2127356673
122923673
423660334
804407917
1944061230
1238318679
469028720
73146473
1702016059
402446732
1333151813
1656223853
1097633675
1808555751
54643865
681403621
1951391046
854945598
1773538494
1391337885
2098694849
100929205
878282236
1406717604
2013732724
1223114057
469676574
1109505456
1995200402
973991872
1147469138
1975073428
1096915545
1571129472
631997697
893493127
661964503
1101026417
966639600
216496914
1503473149
152307765
1872720768
453623177
1960863516
1927364633
1135026798
1764770914
634826583
761081644
1008625151
586037784
862010849
1886907387
1992755388
728259925
962537797
314948314
1837765382
810254551
1288940186
837750872
637844331
238372083
261396696
1269842028
1131865210
923361199
223384797
2098504810
1139858114
1726857947
103328927
865095234
32997476
2064192443
644976219
1168024274
1681479709
1279802802
1929105918
542621213
1865840586
643633119
282044952
1711112326
1371893045
1244582749
2026060640
1062174779
2054837301
1167517179
1899925651
545197984
1405889262
13838699
1815040013
390270825
937199898
2038424810
341291987
2077058012
1617799109
444620915
794669598
1650796585
361329710
1439645817
671337211
2042809420
571964971
452959481
437946985
290321909
1096592601
719991937
2001434235
321001998
1964574687
1880011228
1383176777
1871928340
900044759
1135618780
269642676
158450373
1149457479
2084682689
548721198
2086657377
1975623852
890013186
2016231742
1445939313
1334634101
663417692
949252251
1695963811
2103063510
1620589462
1591289583
527544833
2073548944
2029236568
817866743
1022657897
601744858
671817330
1343659895
418835897
404344910
579353024
143280589
1304389669
1714971804
412923265
1462840043
716945635
350122307
2011561241
656119364
178262511
754090779
524867458
1624201824
2088724880
1188285151
425970427
1637205044
1143865013
2046559890
1081010979
1671409846
1972625186
962763900
341792941
847799435
1564508758
1013610272
43975682
1983344655
1417955182
623328706
2126625244
574861204
190816862
392064861
2037701247
907762497
742187168
1901778840
1563881861
920449679
508385972
2088749320
397167856
449627204
1129550823
823138283
2086832248
125932188
722214525
1020359580
1797342034
547356063
1983123480
2139134976
1395155498
1400148590
1005261600
1439131180
1236009597
275733134
2062459886
1215151193
850594338
105793100
1607216054
740811937
1013555597
201919575
495107130
429953811
1122369254
1003493102
371219483
1519537110
1453120306
1500770306
195191746
1392468907
1626702494
917406271
265344839
1276560880
1464762335
100984671
1268212208
712434185
1501133261
125990160
4081718
589659210
401723295
2066541604
1804810403
1252317633
24851057
1264542809
1993129571
1038406654
1466462384
340753053
1468360465
441347991
1344246155
1839579948
1960885101
649882813
1192866606
8593199
2042351720
672085452
925999471
160212911
1948646333
243278158
261197582
1069374893
955712343
1762330843
1195365054
959794061
204506405
1597088349
878852018
2009316808
701922334
903703075
1126375970
547568257
1942109729
445354706
888321310
1262986547
886702697
85083817
955082847
700104151
734966631
465806
708697350
629834703
672551258
1634696821
790047615
473713943
1877974979
1051245197
1543088837
686203675
666092393
590970243
1645997736
870598798
40574944
377366106
732431959
742497278
1281069181
1858807929
1290065536
1075695263
156678987
30903198
191198162
1043381685
115987016
1146281009
1743485836
850953647
1146746815
304699538
1480788350
1819298074
1939396360
123352317
145528369
1669887691
1174597515
1688617206
208607718
1840689908
132103801
1854605455
563805058
172678745
84487913
1296237017
915176024
1365557095
1007561298
57757912
293768710
1164240286
88661110
484966872
60138323
204648126
1631247881
1803624159
1055601773
630511049
2108323697
388906476
302325475
1900236409
512258793
447853844
1422640453
1686856308
2136471051
1631248171
1380062568
121091204
1338369978
1943867627
293769950
1422857892
1092620996
1208945974
640931339
2100182295
1266703886
934700049
1116938933
1355364996
1419666921
1177077256
1560013123
903431154
833217767
468131248
1533942203
794057816
857037724
1836267678
546810578
1369296518
136637875
1969451031
908669178
125625278
1453215554
141248099
246716482
644101885
2085115726
540486432
2066959777
1030253074
1749432406
560407468
982951721
868652644
1495107517
2099890654
76533993
767290790
1129484262
1636547116
1670721944
1962702029
2104678364
1057180500
609276198
814232441
745964530
1156086776
36045311
882602405
978054159
944714489
1008227683
283786065
1085962588
1254944166
927887950
1023594666
1795430598
847364079
2053847741
1397379357
1407771547
889315814
118548353
755395416
841722821
195082346
1522686206
1971207083
1831629462
1045924503
1786425465
1788824179
2103105003
248218015
455572972
701585885
1404304791
491618283
1584188291
234875302
1436332772
444932326
518661367
374811713
1699876492
1446549318
1398406379
1347823443
146429749
1304770472
597719152
1554201297
46602639
716267505
162113065
888325460
911349852
1684799272
712048895
595495666
583240127
350990712
236836197
538861482
599208727
692409169
1240447367
2003513518
1184027452
677152010
90905172
472876577
1122084337
609566540
847688290
674477181
2056115858
98611021
2022300624
55061959
1403381494
472536128
1609263256
1449984133
1188803634
1771376322
190825945
2100153486
1308691946
902874840
548165504
1891932073
1253865553
785001702
283309907
1853074280
1477410871
1523757274
1709104151
513954676
53425637
1800009323
986831253
1175509974
262092215
1834519543
1849987155
170724425
1933130564
1724804132
225786385
1189028410
49856612
1835049641
491528895
1238660246
1458942315
682354840
1191330084
620150613
1585229681
1739495589
364599038
691611586
377013643
647908945
397202218
1854424514
24182572
2106306369
220895542
77608209
1758832045
1207726795
1253118183
2020924260
894762690
955621690
44165038
680409607
532942174
269951423
1869438017
582798787
2105001064
213483265
1821459033
1416459732
895838105
865305470
2036610345
333584138
457317411
253725736
1025195724
834331054
901634681
1422397943
541271920
925817253
1381220664
762167463
1003425462
992569061
1969894258
109059997
866009674
717173301
1064681688
910174712
1397582908
1597623862
1180126135
1119537277
32939001
1137643551
1333020542
1854398035
406619635
81375000
572219857
295746333
414959138
1029537268
549472069
1440154863
1863868322
1451106750
715069158
257656594
229440356
2096289822
1019824057
1232865818
941375236
842234668
1341925816
1807384910
1559407969
259123856
570075974
809507229
1856747718
1750202109
1929044506
1889686720
740362012
1114581401
1596601107
1146981648
1195956401
21337316
1442727981
1610915539
1050874584
1992200050
903586754
767259258
1295823152
1618655912
1024915852
1525263508
1567462087
2044739910
610645679
361353675
739490930
1952571495
21254937
151415251
64211703
591330911
960922480
1920959421
194049372
742483338
1663162493
934411384
1857064739
1112279952
2081393032
905537492
1133617268
1376637365
368969384
37008204
1221353767
1272556138
804267462
369693272
743728403
1829183315
1894956780
163706842
1726439577
358118811
525060517
318446859
163206658
546315454
469862110
227418361
1137646365
1430784590
894135
1331695737
25784280
1664056628
118623473
1882849020
628852933
52532858
640902864
1762470201
1429170223
1009872248
1799478406
503040343
134944739
456262220
872733615
878673142
137961887
620206747
1042379984
1864401464
978325559
1567440501
35364675
1141532217
2113755955
505226785
1368950579
1103918672
1936011375
1369844714
288130761
1961795656
886417694
406754234
1697161028
1515270627
459287092
190580244
1130257181
1888457316
1200452493
782251939
244014011
1335397232
1238514159
1116747626
66586726
1376476047
1736954373
1108966710
1093393863
567796284
528923563
1128758539
1709328502
495195870
1633985324
930795433
1599114542
1422513052
153156499
1887245303
1236825060
1039574193
146515889
786502440
407361173
605802982
977082684
1537618354
346776650
30051529
172386645
590790661
1365448761
1410900804
1707538287
1432035487
639893203
1297009012
393518549
1733287067
1864805297
922442112
714561958
1426650151
1417637982
201063634
209961936
869268876
1623576686
363118435
609030531
712918098
1402692628
755546421
1499420538
1810053801
1361349403
329019575
1200188507
1708126053
359071104
1372575152
151433066
1724519866
635992309
1858971353
1009071705
1275885512
1008496717
1402590255
861688931
725818366
177548719
1576250889
4984869
1595186702
1777314524
214946805
316971930
1253407562
578065240
926002462
1966325661
1980757869
1681548883
1318262551
1643328022
895414638
1647282126
696032882
456057043
2006353231
2068608034
607490109
1583389449
557116695
318977814
444977506
1833002208
1327474531
1847567761
547207491
2053292898
2025116481
2123458381
2058277767
1472819535
1753289257
125740925
1789791465
859213171
703806165
568310279
678055184
537080386
102375514
1996317736
32924761
997790152
1496116214
728957643
1453847195
1354985797
650082029
2061337304
790891598
1207198725
232831470
1235869105
892717285
1560306002
935953218
1439924776
1466115252
813586051
1415899509
1376909371
138921938
1021705118
1502650296
1928713404
1880918290
58972814
349540035
411489826
596053200
451915550
260323914
628977961
1449705702
1756440129
1357935604
756069250
963942278
2008017634
669922906
1754833877
1067732711
902754377
843219334
1960449996
315576731
1779172552
1252891124
1781691983
445274956
521306986
1011117706
584196894
1543012104
366284355
365426650
1276446746
425257169
714966686
1687936573
1021310369
1166882236
1948260487
1650288331
469104290
1557216968
860740287
1225173540
373675599
721274273
1895096447
2128509476
1789006984
650367176
824245162
1601973332
965943907
455934066
707380809
600152242
901209022
1228687795
1611269948
1485405917
624216251
1977554303
1850832567
1900662998
255327824
418315605
1441115923
1276638194
1585197841
1241892762
779442877
2054302132
651626083
1640183164
1131992024
1025301682
213973790
879604823
1006327510
2002980774
1529971999
1830572672
1457470459
348432258
139023090
17367620
948584500
1040232113
1246055415
412370801
378154382
1870271666
242441456
81503301
1623451016
497769281
499818907
917083291
1774407475
2085016748
11492406
406366704
1991835232
663118489
2046549868
976343609
1688420171
113040010
1855948432
547264033
2116020785
1238436784
230353057
1426007596
1586869042
369376147
1443375216
387969895
1409608260
541946983
800340696
1787762642
264735001
1042782152
1869265944
1888186018
1540551433
221601203
657785661
1167475260
159134303
669278067
1573841964
3485888
1332396556
1472908185
979829497
873333079
1585948195
688294281
1420597112
1554485332
1926731065
1650950169
833009280
1366116460
2020326317
128900848
1754086355
1282450929
670847831
406943403
922729924
935582833
1449725555
644512220
676285203
842793341
866113423
1334070864
2010268601
1025247726
2003348932
1436626918
1028733614
1188261840
762051455
2008563111
2061594920
200516002
549373745
1334708384
1755001335
328621162
838174906
440526967
1694737622
711017575
569427816
1301340329
1993468504
1240275647
1708283732
768714780
28374832
1010525640
1413227000
704660035
1853318981
131856775
2038730900
1716103934
1157104502
1894596184
1005247204
38354468
935374376
1767298659
2046917580
849485648
1967814662
448807677
36710385
1575332349
777428839
874885291
2015859316
324682814
1585902866
437803484
1626023143
1431887722
1678079132
1186823228
53118855
1706453964
49865220
1466345855
263630352
1903184201
1598202631
154877604
1471804487
607823485
2049473788
329568044
646177953
837364516
2096866703
545611885
1686850165
1917197717
994419562
1723560550
1345046418
1771848402
450962193
1213422087
2096531216
2036865059
1651225571
1575070711
1321269133
1181821055
614410291
1374387988
740791372
664275511
693250196
1004421724
419976064
143969179
1159299328
1891780552
751792664
1061289468
73864948
1397970617
1898653984
23248003
1943582503
1438020501
1940445721
790518417
1014097403
1138008491
414883171
1465059596
203946930
363930739
1354441007
1855172502
1939001451
528226493
889509909
405928094
1902614481
1630301281
1070203606
448381029
487239357
1490179670
592350208
1646538685
1234476574
1344142872
560344505
1308341522
594629842
311514842
1331589526
390728697
1749535343
1124551599
1181247114
616149099
115076442
1596130286
2081208695
319023373
1960061025
1288166055
26712227
1751578828
1816392548
916222136
10023275
1571523381
399039770
1080226881
2019904411
886279127
422922903
464770971
385334165
1657399478
1808913844
945678670
818257352
256060038
1257193512
2363230
646788735
859245208
1126914829
1828035849
1475394307
1241991272
1276682487
1409119354
1561014645
1089259865
549801761
1587726872
693355045
218710661
356465360
703378320
1790234043
755505130
1783605201
1662654806
1641784258
59044457
2127425777
2027118423
1716443935
1788855973
825313445
387217639
2044916011
2082506958
389580870
544221098
794268518
1516495699
224773300
122179177
611003323
1501455787
1531298531
24534320
443232004
2081100293
1612261192
1136587050
152327306
1968726553
1839965370
1942561349
576748035
1476086924
1457732507
71048645
1535131381
1437674637
2098167068
1104091668
1079046962
775996866
1491309307
976479326
711020176
1880890177
1520700424
1505288694
1249902229
1745473724
1627467871
1860905552
1099445864
1011282754
1885439873
1542677868
944899399
1350217417
531781270
1097226706
1171460322
224262993
892304407
1748208358
1700349917
202553267
1819257003
1087997650
1640227904
1769940424
44605670
571791218
398453642
1535914977
1548270544
1109473818
1269321507
921487321
467278864
371740088
519477397
2094746735
85161992
1618923261
958545841
1970601865
1014117482
1903445241
1173335635
1545898752
853188299
197312309
1770161745
1745492706
1945520667
1323028014
1948045973
1617294023
263542016
1440790229
1239750799
308147686
2012581448
1638204441
1844062664
1413368344
600194611
965900523
187372017
1067473475
1337640611
706849415
1014736562
1422802603
178289028
1973282403
1245920821
1192406510
1729243996
271772808
590821615
434948647
469085117
213499712
32957706
267122137
1536527727
1981003679
1884416160
1800069743
1274310261
976683311
2108217430
1139408061
467404104
1804796446
405292757
1067598715
623213321
592664775
2135072190
1960853932
1299514190
1002325104
1236172887
1477803218
828123859
334610060
522726081
409884208
606382868
1113547696
844832855
1075467986
1327047408
877790561
1342590123
716091487
711310593
1079522635
368677583
1985620854
2056205946
329411365
977545267
376126402
2134207811
1382838024
1443725117
609937484
1975502799
1431313659
423307768
1127533341
286155115
1659480655
457852912
1114278974
1994090716
980578993
1524163182
452989936
2094126689
221512390
1528457922
1273690449
1099302951
723564397
1989781937
1810613544
1803087032
210975872
1648750750
1711809330
540387237
478812369
2087935732
527111400
1861650394
1384177201
1137048884
1689669545
668007212
1560356652
669719239
954162327
1072353659
1127572151
2068441302
918960727
2108151144
1445120836
1371950664
2054794185
1666633226
752924938
1181000986
618452530
1476489336
1023299275
281582426
1132092720
1234275147
1930333177
696418403
1774662384
261661898
636870487
154290136
2123312292
2021047689
1291339020
1665498190
541571253
704212024
187733781
1495733581
1776565684
1315305932
1416691235
548042763
1275973428
714328423
1919993427
1183283965
233478002
525434718
216801303
851930532
2001924054
1240100579
1133512958
986533126
326892078
916362487
1682951529
2101554463
1178024386
172338369
108360951
1153853030
45902410
1399699972
671867572
587473663
2103911996
859601353
2083207244
1732994032
27423637
1352414831
133553148
1303397065
2066743255
2053546575
339197382
152737609
431497645
555998686
1004668141
285938051
1796099265
2138181099
1272471178
2122991343
907059939
807939059
2077062158
2085084325
980277428
37939462
1091453707
1026179838
1437639434
1763321280
1613653502
1394067782
475438985
1549377098
979578167
502862623
754308282
1113131315
1806259688
673567889
1019194242
2145457071
826305498
1450691888
553972109
1830973639
1736629939
202587726
1821671090
861617469
178095421
581247381
1669556529
107673932
518848058
502350309
145613394
1610301766
1528530148
1583252828
1226139398
994700002
829836962
1701578383
396593452
1809415129
56957358
1150901734
775062796
1863217047
1824469623
1794257039
1861190470
503291473
1097465279
267678931
186781464
686611570
470266657
2008452555
1548229040
648362078
442216288
1070301921
756036010
961064347
1572652230
901649404
423882465
953698730
337418584
1650021863
1948398732
1167255547
1204116598
197508537
829187028
1261073957
1348410271
1604249825
976807356
1025396247
1251023216
690514178
1528687720
201004847
958193109
1715469185
887616417
1428459766
1576438092
288361809
2076821844
2018654380
1358663730
685374207
832235079
783832313
1587023611
1256117544
1737531043
1924442196
758655759
1538446128
944214095
1962772358
1735954665
1773401123
1076362667
936881288
1230167300
2053170023
1962277535
333706868
596200553
1343481608
534711715
1554393662
911467145
1422328133
835369780
340421589
1710689942
764707976
211592321
921870025
1450082183
1043827401
1705702338
889622147
152461297
1295749733
666580695
911117057
686712213
1610794790
726405767
275183230
1236712265
1802768434
1212064519
319395918
1708454809
1026858406
653102786
157171714
222856366
1187814502
1711565376
1134323511
462658987
399451508
1474745100
25865281
1164159484
1686337422
947735306
466758020
582681175
505953996
1356380167
735142472
1801703730
2022960862
1646259529
340932295
1486272004
225181648
616115526
575500621
2027950082
1828180045
894896539
1588921243
707554803
1547999326
1746092957
930411170
588330180
1310174685
2064734681
1050989167
1709626193
1391996134
1076854448
726302030
930849908
2024589755
1193060050
1513531083
383060103
401956569
101189907
37280185
277433783
1747449437
378212481
1763705787
1972631085
994328007
191722760
1853097520
675024404
1086619300
1294535115
1382579207
487134978
893144425
165506729
1075465158
55835462
82757763
2126454325
1765461656
1474753897
1055825125
344280038
258120157
932931232
1537340088
1771651240
1315991336
1939296657
1872841147
1353271521
69246792
1472806936
1731484002
1832952579
1297954374
578328361
2024675339
1003568246
1253352765
963810991
150619713
488448325
1450945969
1043764138
653955054
378927479
1099599601
736712817
357898156
717577609
63983066
1413723282
1061857647
322103223
199170866
451714087
2093754463
1515162202
243527096
1819111963
720950076
312773888
1144435251
304950430
2145726467
294905977
883278792
2022918158
1298474223
2136631557
839245502
1449093937
477596234
142707823
345374427
1131551289
521635303
1444974028
1868264106
879533459
15067989
1932247173
145773093
1076925636
106866748
344943960
1528639723
53137564
1860106162
1772166819
1872249527
433572590
2084940707
869201130
738523021
2083183526
1164107108
1621801813
1958618037
315097683
1610949722
650379891
1764191620
2088545957
793087714
2109566048
1072613598
1314723017
1407056428
793394056
46772829
1422124418
578157581
192545922
351566406
685024330
537489882
1880206130
738161894
250112397
1504889301
462927773
683684987
1442346361
1332128903
1422208008
1378046239
348752363
896526173
1189180628
663850047
359992248
1839560519
280558019
301054557
485164586
242640419
1373668155
1799887603
1649696848
19578563
1846660432
924337618
597736145
2039206355
1275904024
1282760475
429212589
1008626506
2020922369
679324986
366032160
336366494
1363009974
1808378521
1668495397
637734334
1038941112
2017247761
1534260508
80638093
533614160
1894252756
1920198612
814172179
47823665
257879550
1056812599
1421491820
2057767154
559025799
1441070383
1756943938
1483363417
2038806528
1648666645
611783793
1174083355
2077879235
1620410300
1047522076
609720573
1986442460
1383888570
1972730547
1647337333
904900320
462981234
538794797
774664433
1997241742
619432890
1308278593
1744010850
392147855
2122450772
1791834515
650027405
1031779723
1065842687
560310911
1590805522
359429422
169771202
926685291
250752303
1818437847
1538469085
1424835658
1748833434
1011395737
324874087
211070360
850354549
1708762657
36317259
350208234
466179329
499298493
889003031
1240843762
349056587
1508435922
401638707
2093067437
1900583777
376605832
1737418304
403127534
1408385555
655777343
963438446
851707430
1015206766
1133209648
1778392721
1265959069
804163847
1169378158
543311079
405513634
33290247
868185166
616583994
883644796
429464176
652901253
1233853030
895643505
1152199747
2122856062
2136487268
1501256334
1483808336
390642327
1446840124
1236908465
767248159
1036774780
1640035999
28150067
1692552124
455990797
879857497
560275242
1589200445
510766570
1826234311
245880645
1680144729
222061742
651394279
1713434976
1090246909
1267978273
449596125
1519711085
1920879526
1683449155
267870942
925595625
1658821569
256874562
279368312
995146257
647516890
1726208436
84571074
1414765049
615499568
1724607074
1442915116
160568044
33114223
175288965
720843286
1622314669
686055536
399593949
1868195314
218716617
621655692
372105945
1932151593
1711902601
1640084218
234264070
1084130038
1413480096
1917713226
1352000980
191592074
1429051147
1608875543
470960386
276713757
108908785
49685174
361284831
1523673834
665184742
2085891905
819105303
825752787
2119006129
994394268
1546596073
1593837150
1680449804
1946190023
1314548816
1899166421
420362067
1686654761
1683834367
2132264668
1179255331
1918098437
1068911058
445251779
1688328015
273428390
636843853
969895515
1882303933
1107804239
1246609272
1991212718
1157489413
1607894103
1367402905
1822674156
1546302361
39024560
500943295
1517824842
1033418828
2047539368
964178344
566384985
1846245743
131243512
318067758
119124162
1817898273
2001902125
103905182
849669956
1772516915
1172816240
1294921735
1313361282
1446244631
1931765589
135773149
1181064916
892086180
1382382421
1024793987
2049575594
842792877
244713244
1724766102
241611590
283737804
78225749
1759436432
1317156632
2125765117
576131128
1883541617
1824527213
707374640
54125728
1943651375
377789265
2056027853
2047556558
1227459221
1681061120
1072889150
374897308
846938755
371650133
159179249
982711904
1552715050
1051265430
217610678
430025389
953357376
1060403555
674738633
530639830
1302015145
958476437
608865579
913967929
128149421
587147048
1490099057
2011691039
264190613
49990049
2065816767
60358341
427779314
1974360972
2107914899
1655238535
1507938445
1033320401
2030135843
207393552
1404970535
41831445
1190105456
810201937
1093096875
1407716134
1240227326
2046454251
320636041
1914965959
429610433
1622651186
725958748
1038476012
389135467
854108169
1625623060
1879234524
718315560
1889813674
1929224573
636648679
1950172015
209520239
463526004
1910603266
1864758774
1971464449
796440019
1747410970
31374353
53926906
1789242415
1221479809
864128843
734855642
481712296
2104356169
633826245
802348337
1871838480
1063436678
277515876
450313580
2101912690
666651343
1304421750
1580052102
398402220
2022737310
1322382128
180143145
511902342
1125070495
389663385
975428346
888190113
106938511
799409147
1684630133
1854349481
830783500
1738557039
1496108248
2052263309
455202235
83480242
386491957
412074756
717306487
1188840295
136429589
1780743165
1466356171
586743169
1735172207
2133007514
1891164919
1167740662
383926086
1766418582
342639142
564069232
130837276
1467709638
953732617
1106265622
208416103
1060671128
1905674769
1893046236
767536962
588974621
1484119628
116161562
493754282
1939321863
199641805
880246240
203912971
916948292
2069086535
340342560
550207810
1387959058
927085730
137896369
1373482924
670767001
1305637031
1757409011
289701935
1648276174
173994595
420539211
968502164
1127727212
1526804833
1176918267
40914692
1284995954
922480856
808451654
1873970575
259116836
924613217
220241210
50955051
1124255022
1100487450
254868022
2041203314
1022090337
595210583
443927476
262565747
1522296313
581823846
1636048671
45579666
1887460877
1245974034
335281602
1388253403
1419968629
755820813
209271919
400212193
135141999
1386190187
441126886
1420137953
161187395
1249578540
1146624881
420304231
26708109
1366866091
471259282
1150963131
319869893
726127304
1044682798
1341960230
1321337887
1488610274
1604525977
696150552
2070434120
1093091000
741730219
1810411350
191581387
1077011821
1051181105
1611550016
1832832634
1260453025
2011762210
1967974633
499159564
305405448
1240628939
660346959
1554983988
239770172
1080651190
1581692098
1606636263
1551910472
585171581
1926506156
130554128
1629854379
1120982738
1451892016
970981006
578025067
558920
893931478
1671116067
742289139
556859180
1862697454
1819300960
1608040286
1326763823
1504649947
721009663
1191042385
1325140932
1220169227
1496447833
418286223
1880516186
903948173
658056395
813683728
338156623
117209010
218110552
923328205
2043715166
348664680
405698936
1017214256
1800556696
1376679942
1595239323
1801115617
123127773
1118871743
395921108
679986953
834085549
67738421
140543591
13365724
1572388368
861553254
1204408109
750045652
2081722481
553372294
1168331876
1814755019
1457320468
1826388271
480955099
1795477091
1943597282
699065651
571321648
1839828800
1047730332
977020585
709559409
700803380
206216879
157315084
354435349
329344652
1276186827
750356458
1009331606
2110272377
818094879
1149875197
2123638101
242999599
2011428452
1180562563
993045251
1945667285
1733934857
13893479
1612938657
1043771677
1840281751
2093893756
691765121
1636395385
645475760
1263086769
1328740537
1693206092
92623706
2038299946
246525824
298840586
48131383
600961174
628185238
1324318210
1351317632
1637516844
1287106939
21928863
639908394
1263261393
264928462
503853198
296340308
1257973713
302036835
2030275165
1271867193
1914975492
926563195
964665296
1861385601
1618328316
453577033
359377713
733931437
1782317570
2052583805
826555144
1673133869
151625981
1125395730
1721265252
752587155
1753580968
898099814
2103904787
1243614165
37723106
2125833650
1883522559
1300984499
243278464
239892109
1597324807
1501252178
541928944
1480116324
625635723
309420789
259195871
1590301019
23322742
1877524187
2043878052
382700455
463971977
1678711974
287800612
1290527121
1204362195
439426593
268439203
778143799
1192013749
2022020171
1676243614
1148434888
1118150688
1713966720
1126784891
854189599
867467571
1370063355
1094081708
317308730
723831885
1636010653
1797425054
1349467608
1945431442
2056620926
792284979
1968754184
1786661465
688679383
203970991
103149794
219907710
491771603
1393676915
1424269905
931198196
1662116118
54930057
2123211945
1536652642
1731173671
1124163186
507319682
1297656743
103464429
1361509282
17640666
1473527784
308107342
334949396
49876022
1944117995
2132374450
1399343630
1742065789
2041511728
44144962
1563336325
1680689546
732824345
1767307316
1783839340
952732055
111595271
1030032608
229518313
1042793468
544665078
284448370
1018521765
2081317720
2015622041
2142684951
441153755
1165795136
98665732
1802663037
1183435802
1572193517
2110770379
1518385198
1622069539
1907404727
1503276000
873929521
1501986868
1397304081
918074483
917839546
930509979
1650898829
537663214
566865671
456147236
649258486
1596898279
685665549
1692051954
2141563358
970113919
563090071
2075397430
838252312
558291375
369067537
2004047448
656957107
24246926
1039999602
81666976
2135017306
410901152
1703736515
1894938385
1914177153
430182389
1249441605
1163997586
1348256872
19797503
2094507565
851672053
557460718
513889588
1307819290
1206719204
2110787868
1993484839
751287510
2104867578
816115111
1314377581
2032781360
1654367423
1872668956
254365250
1510931224
382142416
278612176
403447178
463809392
266145834
814348331
20062260
13600571
581041836
450244649
1263042177
1745039422
1798501521
1282839680
1692063339
502689927
1840300398
58469279
1810509217
899535954
21773499
1656510408
1650823464
2126641077
325141871
817717398
2011938790
1979509295
542902706
118820392
1342956871
925045122
397432568
1746404049
1388854515
663578403
413268732
1408916775
677178974
994310568
1859161424
1940221151
591866342
1510179297
1075577184
136446033
2012869224
768393934
194915313
1675894793
1667929889
216688812
1184921554
1171269705
195846242
1510063425
1988987103
60301384
1342089072
384406162
179121776
537562295
1309451284
576554344
136482697
550822151
1240132747
549751429
1959738926
1917311722
1544061998
1671416702
1710049225
2135928340
1034112352
638142761
124890726
899497928
1406536696
319806039
427909074
926982937
536494851
1612830628
2098252642
732341093
975410405
1939756098
792642477
170015830
176678612
971764253
707578125
1486129896
1548318598
844060822
2036952048
640967697
1393812252
1849207326
410795771
790390602
1373140381
2120844997
778835294
259769085
611504110
903726020
1159267013
2018040806
1223532059
1587176087
797540095
1760026911
1052523067
748309090
344884356
2027933473
540581540
1137526834
50465655
717260152
2109291087
758043780
55906400
1510126037
1602104603
2092858448
3610087
848433207
1794582127
414405858
1638823809
1020238860
387767207
270175455
1280007945
999271318
1173901476
291791310
869828476
249949887
1878967398
1667368572
2009976798
784006817
268194014
207377507
664456642
808775554
1344904341
714922297
1526035706
1306711780
1472966078
1581942106
669354170
927587033
1527316907
672964257
1776020240
1174415386
1087370115
1267360401
47170598
1475137323
1537535856
1327178543
326924993
563953684
1618969853
1196753469
813903572
1350453603
716638393
676396722
2134460421
984832407
883774229
651433415
1793607961
81194922
1366355713
1172160019
1387906703
691838143
606618478
2057260873
1619425176
2133935385
582741482
1247961768
1160867123
1670111597
367838521
1208037721
997765272
1905374377
387732616
1324690265
321844414
2006702469
373960087
1135747986
1209672425
1090598480
1812144708
1196649198
2075430888
548435290
1848082613
1721555201
629630212
1066954678
746231573
2017536915
1758792821
1352850051
1927314140
1230734349
1339301788
362571974
331212469
352685263
2032683572
699050990
1560722984
882965196
456941720
1948455600
60171814
778786134
1807674421
434131901
1914534120
869863198
1524730381
1579195180
2066512396
1452677621
2127630470
1767111362
1026749175
609777035
686582392
1772980748
479830302
297891566
978347151
259660795
1528625915
170165291
622232769
1859838385
522850554
507432693
411405727
2083573538
1390397890
868347447
1884545490
1450569704
1647133581
1544736263
1884701605
1414184053
267115814
1261948338
845895586
186144562
567142312
826042408
1953255924
1593891487
1435819443
492354669
1219388587
1915649746
790246235
50252090
27826893
171388502
220417381
650059662
2031226887
743267935
1157492356
295148967
679357825
400406598
1163496414
416419667
1850976302
663146348
1961155930
1588194259
2077330401
80788096
702658949
775742339
266932659
1269801261
1601784748
72704935
716209100
890120543
565059604
1935597687
658286641
1355305839
1985849777
686113534
1526694342
58783510
1336173197
1410437581
802051445
346181905
1705586548
1481409270
746588503
721599315
1897828937
450081157
1384745663
1711501220
2038275416
1314592416
1792289316
593450717
2090334756
2059221975
1863251979
1544635856
2131926911
431977431
287272751
549502867
220091471
945559393
1904808707
58457600
1631672927
1284019401
117241111
820362476
546973334
919292556
1166544381
105076235
253218179
1913132884
826675550
3563468
215730393
63937565
1715064688
106522161
1378529981
1359870357
699972879
1321381089
1271608684
415741210
718533297
1256051947
847718641
1005806049
1805554815
1067810112
1951365442
1562879874
1126267713
1435554721
699415627
1243508824
108433550
1246388961
15317732
1274977931
1351465196
268535911
1040627168
30657098
272099380
1256357561
94594663
1987164068
1362879723
1473124645
1199550777
2062852602
647022086
323675814
331110164
1365555384
1579727761
1178828805
223877785
1237798928
99155270
27759579
653195154
1225422983
1463314300
1352610781
321448159
1571747850
451516095
336765891
699242134
1802981291
605301803
1739869302
1833638390
877401183
848743215
1928233053
717081603
64139290
1253874050
1916632381
2126991892
1900896137
92824547
310618408
1118967873
1672552308
1489447214
1342845658
762867589
1588602484
1370605237
1416062743
666541819
686435889
621189877
987989978
110700092
1072705972
1324755869
809942226
728203615
1930057672
402327880
414358357
659975207
1251071095
195107763
1377056811
1315210386
1448981813
1146205544
1294718630
1202394302
1239030091
1605337039
173878527
764098751
947300605
1516724185
1526966340
388419441
739845774
795545436
1054961260
1426281664
1416735313
2042951238
1536981756
341957637
1220223459
199440334
1070161252
1002797484
601768214
1484519610
1662772691
1852839309
1679627373
892345854
1020566047
981125538
2038551398
167801030
36036193
1130097841
1773138069
209914720
1894196593
572955026
1726638906
1273679285
961374467
319001032
2069224721
2016335727
1745282696
1338476386
1911803317
1134780804
1680434023
984543128
1334221138
603111628
1987340612
1935989352
2087631238
1502629656
1641345014
1619774963
247491862
514427413
453416853
138559613
682228443
489453046
1268657454
307882864
699367767
1015370399
880837890
278523025
141566037
1842212357
597524057
63307110
1711064436
195323106
1401783497
1475384105
1330103910
934733872
312443586
516841401
1537845500
152300550
305347105
1477993090
1654930206
1946692119
950284405
1902422069
313635885
1403701259
2040981682
995864328
1893154305
1162155488
1303747193
445038424
30042240
37101435
723561449
171608277
1879313793
1321085507
234915387
1442894581
1516408613
1636698884
770795039
699028875
423949109
1083238625
1215870276
1961794609
1235539175
1521217382
1292304052
742985734
1320425853
95104809
497924155
1634061738
1498806068
391422189
482442419
1244476726
1553577677
1786189612
1689515150
1583619917
1823291047
265592952
1755228194
1555121192
1586678459
1990143582
850532126
955603424
1479358818
1621327165
1654632299
1903307927
557082142
723018928
1717618889
1792621317
96752662
862439293
388123403
1417178515
957544102
886047558
903756606
308866523
1277469747
1386199025
1553343249
683563777
1024904989
1095374751
119700046
700712388
1360967703
1874928241
108349933
800162514
1717588175
958882059
1755765938
1049463345
432725576
1262914590
805287625
989807718
1985933518
375422866
634945387
2082686180
1237862159
1023068791
1352381047
47922613
1909116349
108654005
356789136
1039102449
1494853030
1910132385
1722666226
372274371
858023489
1842366272
1072986760
71507544
1569810865
1181336693
871670059
1139915392
2140218752
479952349
41895090
425460680
1742866939
847182715
1415268398
1581316809
1222605581
2050213785
1516519341
312984092
925798928
721416741
360906705
687431630
830070746
717695842
1726534079
177440129
480344579
1301716657
549714500
1338368068
996599281
1622701260
1409875613
418926499
656554305
134062024
1558841891
649289409
614014373
1600736981
1074750089
209397665
300436048
342534839
1790714474
1523041629
245264977
1159750168
1836025721
1171063905
1881166909
49448779
1858495535
563754007
767144621
1437545966
741194136
1247489200
591778975
1290908637
438373621
1588378257
766126249
1848249234
2007304756
1422680555
1982311258
1418662999
2071969964
448841983
871916333
999236406
658239648
1172352381
1341771245
301470475
547910363
1587036222
1461220643
236452436
610616480
1194903904
285901215
321628367
1758657911
1053045836
1759174334
352368400
153051389
203469661
1643277037
591425010
1791847918
261919638
292190596
1651669026
1684600193
127018206
922848378
1609086510
575860189
1794764711
460839268
1234099838
819633444
1802610513
1535570313
1367543807
1242163088
849307308
1603996244
1852779568
2044211212
1889897459
26924287
1655385475
795459648
1786098621
2007753875
948511037
1989568283
1503547264
1539936047
1633932553
1765466903
1832126643
1138117932
1302583448
1959144849
2060966310
764186310
387521390
1708247373
1225025578
1621621228
380397169
880152444
1009707893
1747940977
2122315532
1859015201
1204453573
1827611452
1755742765
946867384
1854535739
1263644593
1742327032
1493150713
1123914820
543354421
1335235348
479978437
2083290468
821684253
97961692
1767933463
1959802185
1400545140
1579594664
1873284847
17247803
1967116055
1434048572
1242273381
1441253635
1814445742
2122425825
303477881
1414903071
2097257709
15009434
471872996
1777385513
1770752200
1418740380
1484437605
886913145
1013583765
830104670
2010827965
1556938186
17856370
343322754
1492745007
839540623
441284446
1113194822
651859161
1841829587
545305839
377660360
1859077390
364938246
1811708933
953867123
1806191881
1478671027
928809301
2109669762
746090450
878583362
2124679197
1217963446
508485228
1747947749
489220178
1992922833
487377246
1502803943
675543855
350721563
912258482
693400225
