5000
469353932
2078239751
916013951
1943028792
940422454
1109929490
759657113
622451069
574969520
483643406
953312250
63949755
381535963
1699818235
1216783457
1206241314
558103102
933027
1971689944
2115414080
1931790385
1235336603
1104303108
970936230
849346825
1709737274
1991971152
614302735
300968346
196778039
1585202521
770322279
127534142
353732824
565867423
1067956597
1463662315
1325524536
1690407666
2038631835
1809167943
496236269
2102581591
43220258
48570856
1171881400
1249461573
606673958
1172814428
1073667869
574604390
957121165
161520824
1678907498
1928057395
1010867650
1241161125
1772544899
1625170385
1542129471
1969322939
1062889259
164968102
2096857081
1416622083
730835525
1017330030
732800750
2056360062
560254049
623948938
1718044357
1056490318
579046881
1761264615
1105061174
1750928281
863242540
1711735132
776259061
1936910409
138855874
1733380227
2098431234
1817763372
1513953974
961815236
911440849
1139015226
439501973
306086673
960854517
1502391232
471054775
910227950
771529668
1201890301
1927557981
1504330418
1110766715
340328382
2128279356
681327424
1396818700
559842589
295108391
354396226
163287223
1158350932
2066131358
939546284
947777693
57503584
525442863
898725279
1875266956
2039396838
1860540515
639224158
1030928416
152558841
945310831
1991782933
1654950073
1416365606
754527235
278996093
470772259
534601568
1783326512
1581538974
874929950
1764122220
115382750
124265002
176481162
410491142
478661228
339768385
1568842074
397308938
1279314669
369136119
454812522
1804757533
1267861399
182595831
1696670723
980918266
821819989
580115491
1133477107
1767130820
424414776
640943533
1036012778
1178942011
919939626
1506785038
1713543580
555782490
940840364
440989882
172421063
1056223115
565254885
348902225
1466714257
1043916113
688670610
888072683
1441225052
1967985279
1257208802
1896037574
1625259164
377586553
2078633405
1174446239
1358504820
752969746
1754561730
344498279
372616918
31492858
985441812
1408629697
1210434870
1905381439
767931087
776494802
313680281
1708771451
1217484684
486101344
617510918
1782739569
835003569
2084225175
679172035
1523674179
824814210
2120397087
1344175811
2082023013
1868951013
821951327
312125918
1800100771
1996397567
1670630738
405586869
1603475649
2015129018
778203788
1634968508
853087182
39349837
697919730
610984973
807280924
1474414532
924665255
368568727
544415568
1410766599
986079646
179671490
98286521
922821173
858843525
1621960700
1747635384
831756964
818652863
1682174749
553224329
1640604191
1994300667
205841452
1489518110
1517447758
611428322
945510111
1385093128
1389632110
432994971
90696662
1428981947
1130914701
701681636
88779223
457845585
1626346891
457347950
1002261154
889629842
1443427596
1181932644
987916363
218765122
2040776169
462393416
1966400506
725049485
1281046279
1501091607
1278273814
774166822
1347908626
1484115267
116201284
717872736
2095543589
1061711396
2102965864
1337692051
1494706367
46178879
619190350
478137421
747860515
707969573
935983006
226723758
1165317523
1938244160
1116353600
461261472
972693156
2104269964
680026594
865985677
419179732
498943452
1591035162
1700226011
2000035059
721825329
326909186
1200460037
58456948
443110470
1918332774
6516889
1504821866
1873814990
1344208940
852044586
1919993869
1963399290
1330182007
520370736
523885215
118681365
747094494
1689202738
2056925526
1863448095
2980562
882135034
1820234411
683007156
1748120712
91930495
1181950608
1191672226
1792156506
1034502019
1913497555
2119065692
87478409
1971954503
414692515
2005811183
1978471392
1919514381
1732142525
1175196684
624075319
1504652747
991112326
1954257326
2025023483
1514997541
2072938692
624634330
1056716632
1982380570
340598777
1059697194
717031956
13349540
1742704351
317669020
105280035
777171311
1509341247
1897436541
1811673331
1275355154
1869018586
1899151740
1099826010
136227453
1757479275
930813754
2055741834
1342138152
2106010439
532333506
699307251
949639117
339107184
576847087
317153011
264562228
1201481417
1373869643
99459150
1542080194
286083189
816491107
1555429734
2028787540
1134160127
1660709769
658475204
496017726
1410662662
322664887
1771372881
1132197600
74332979
723715243
1268425053
1831812254
1654528997
1176683240
1026466758
1613055788
1709016746
1725774010
415211258
2048123930
155137449
732364269
165202511
1356618866
2106233912
264661661
751215412
244833453
1081152768
159161498
126137346
67829248
1819871267
784612550
563846974
1083050281
1107277437
187736207
67764234
1181610416
911451450
1336189287
865939022
418496800
365388879
1892405780
2031552588
2074405625
1470696142
299280198
1975045908
1625833591
1031644467
2140248419
834968809
990394731
257426432
1586184221
1235228185
1338579201
1745345719
1361365531
1406408449
1417733338
2145978081
1970255423
353299972
1105771870
10507983
421064206
139898638
921959433
1757253493
1005837660
1340456233
2122642373
750759792
1224525174
2049564350
73972287
1523805372
1877126610
1699805878
407966192
1869891381
387291040
1398360923
2127317814
1973475261
486105460
1318413367
1571337333
1847470991
577338168
841587023
1845965424
400109943
1194886995
804253646
410617926
1615951201
944152284
1332577360
1225721047
1949989944
525549945
1200879772
553266089
1750075119
1102960474
627238376
1126396844
832603437
179560606
1534363036
555011170
566851646
785240311
534845336
392843260
1271345772
1853258703
1964180593
971333115
283113223
658283968
669814892
683223167
1853170964
1474068538
1093841093
1321638517
270737175
278934805
399875916
73243471
804484751
1600755688
626509560
407076222
556232515
1253747936
1533473066
1388835952
1433308543
920352454
1943847122
2000160189
1705592766
331208811
245519801
829454890
36983866
62216746
1800788005
320097090
720500715
323119249
1003320257
426188031
1797187788
2097161350
1747826548
2067924963
228612508
218817
2141168434
1033097259
1600974505
620194347
1440173481
9723372
1873942283
826162900
1398559324
1159767178
1746515354
1194922799
1012443720
1304624472
1526131610
1257963521
2134079362
1563115476
1320180268
1787383720
1883212566
2040680983
2110502969
739049175
319385366
1760207109
688726878
2067211914
1680648424
917339386
2067430731
1674333211
1950436645
1520921589
147043910
1243126478
1530644961
2020986193
2069289378
781720638
1033269724
1668321085
1976643437
2045713444
825461909
1355291399
1156193317
812057624
770923227
328889937
451957696
506652146
222087272
414977017
1245701321
541472638
27700479
1934428199
461200905
1708348903
704283937
381147988
1235198466
507236934
1902069577
1382242376
1750363413
1285230891
1255744922
1672169143
2066951529
141530998
1193006580
1896111318
39760794
2018468490
1103919069
1195954111
683042466
1874842296
1524844049
1135000162
234010794
1746931321
1549977179
1479712116
140920312
1577677658
1266656667
602121217
1138542914
1970940605
983269205
226257732
330693891
737855135
1608500109
2081057304
2023086026
716761383
1605742800
1942553907
858292381
651265732
1691181577
898053175
522250574
647616998
2094007286
1205293040
374975646
1471367687
192809554
608986441
1070815361
1742786734
2088698557
1211735673
1172980744
1207871576
1813856890
164040010
1031328533
649642447
390297743
1362022425
1387497582
1998797852
1295596081
1263099960
568075587
753855233
1058170219
1426367968
1405120966
601868148
176937495
1927371540
1249485146
123461133
985180933
1624460793
1594828821
1177990487
85963586
518160534
773293573
27178495
1729896207
1946274318
1235050071
1396269449
2110314328
118894957
2045911896
353128423
1480917382
1285925831
204442627
629029815
401542143
772518214
1382885049
1459712363
51402534
640522367
2061580511
228340029
420410259
1163582010
351801163
1405591192
640559155
1946629984
436098032
726522741
317306870
1209391605
753701236
2047203077
1008182275
1988751307
1295988878
971012956
2107646264
1194417126
1324141379
1441079998
332859309
1528584007
2070109814
734401453
153618573
1305511215
46630168
205021108
1946033582
2108210679
433361137
218960193
1124309041
785162300
1624551386
1764868196
584308636
2060649418
343907289
901615506
1122557375
1097608525
801334935
2130739651
938876185
2097323813
954268959
899038801
1144257292
130926690
192635152
1477116601
1659510697
115261318
64034406
1813129271
1420772533
110664574
2018150379
1219322467
71391606
304027868
1438282660
1195700647
1089190169
915350398
813085196
1673498805
828516168
1156992485
427630664
1951073544
107117363
1228965599
1934329547
1045993548
1178805765
741114858
1945032349
175579409
872041548
2137667501
1652696010
384068598
105445171
1716730417
49714221
1526217704
1827394991
2067864600
598056523
1898786597
224408820
2036339184
947003597
1313598989
804205934
1760088793
839614147
1632722103
769597630
1267244811
1436311999
876714993
348726762
1223157898
1922708541
1527532527
1964272756
1720257243
1703111936
688830656
1710441096
1208324299
1072899254
1815886268
777571068
1122613475
1194620324
457482411
1042994427
1792676848
208785361
1267403248
1681532384
1155788958
433518589
338254670
768394103
1273132736
1970976773
1537991733
392893899
1259805124
267223079
741620662
335479374
42447972
121669541
152268482
1762705215
1824781478
841099139
1325662664
885622129
1913998393
994065284
1663193197
889128221
41201960
2120675608
1932122648
1833878808
181977321
1052042248
1367927544
1337766279
1485560838
1706182215
2106160382
611209926
1529675340
1496668468
1004103826
641996817
1763891547
1745724488
977476191
1806339519
1867394029
1129744674
1421561087
1544691859
1970843813
599740103
282830340
1737358558
1593805387
1946023537
479003131
1635007347
1919215498
263642132
1321402508
2101192819
1315684380
541846404
1291475451
653761570
100544971
1250152185
1264971497
1630220312
599337005
121591675
124733481
215744904
1867316163
1102209672
2022084424
1587226544
84470698
1296161863
984434756
2055314511
1895901966
1267265096
1645189422
1342223705
1065804986
2124192553
829747404
837536836
240351037
3666264
791246007
1556035418
545512669
2082721458
62313340
646057640
1185389996
1327284837
128794304
1784727001
1448876512
253527785
2000471906
1168709027
1355737458
1875072682
608451924
1440208156
1023750897
1592886680
1348039020
772169215
712668128
845744794
2114392920
1778473114
822453699
796656676
468526302
1062804737
800322941
1259772310
471356507
1345835610
1195010120
533669847
1991893250
232916468
1860954685
2120687555
2017643470
1162347549
226731692
1870631728
183572929
1582469150
1598220762
792024853
875193659
474488011
237427885
75749031
1246657226
950096013
921493825
1213566498
581085480
1743947524
2010223174
1049611782
659268613
663062467
161900444
1130625120
2008898077
1356910565
1664294968
1853307680
1589827033
1377766005
1826511587
1459986855
392629906
2053243279
1183134935
576202835
1488228782
633872049
1368227688
215938793
1108360060
1605655573
291687824
207533638
408267939
1213181649
1421100136
989353419
809645525
1283839663
2038965201
1468914139
1946902130
53381998
452055611
1808316560
1410292563
2116350579
1514140592
852635948
1346632936
1193168531
165139156
1739262843
1098928162
1348274091
167982030
439673296
1982146141
1536209719
655612089
943022553
994381644
947299913
1150556192
1402649583
12997914
424172680
244519354
822643440
1708012343
136000908
144073931
1507430826
189382906
596129542
1168263738
1599675469
564996474
534920682
304827769
1911629410
1728089213
469966925
1503408605
679533727
1818241017
1671390636
1119207024
1652903510
1060116707
1774819113
448442415
2054498351
574635379
1598998607
1309664287
587633293
2023171288
1554183641
1410276733
1583699983
1690184549
1554350664
943647161
1879567455
2996559
2111910899
1331759276
567993033
499347933
1636587046
332138795
79953498
2106553971
1835547401
759487226
1777311340
1359454389
1878694250
1282731202
272087448
1506029715
1731173618
179102151
2080665094
1182688577
1488766438
520814740
1058376217
895466432
1931091473
494592553
438167333
1337958490
1438239714
170251141
1340955049
1402666966
1502010417
1908948082
1902014899
991113815
93603229
1981968398
950184139
1929150630
593971976
580011831
1141121371
325182578
1862743034
1413208819
1831212293
1446433004
1592310971
1764393740
481637933
933593761
137724832
1540014151
1829060193
2068816305
2034606704
119743879
1259291147
1325362770
289995020
452762548
580546088
1792005437
214226982
335077340
635635605
307830212
169562090
1585819744
89497194
763534066
18347927
1230618566
1088716644
1881090961
496343737
772445289
1180040317
2088654708
389355381
1661678251
874764822
527080213
1054208754
556341367
448412871
941331810
676085246
1707704018
119210932
966080266
12982919
699757021
610602056
227209901
1034834361
1246237661
535040113
1204396451
684573757
624537308
1967930517
702921684
1855155874
909163513
436528998
204015963
1681608802
1616569315
145187024
2070964184
1130763918
1019951846
450560749
37489024
1576293213
898973620
978820834
104894812
459193991
1098031767
1070975078
472176910
1797788788
1681577134
699386811
685139501
780331147
1234426925
1889535952
1464904904
1858964233
1709982821
20342941
1566636459
471662686
456871939
1770652422
5787840
2073441254
1915839446
2076752024
1056721525
788307644
379829126
1094210549
217117210
1278802746
2073031384
322012022
1737996737
1023579503
1392987100
62689999
673884643
927080587
762076811
1359024144
1707411734
1996503736
1101076448
1024832991
1707984321
663575621
1045175932
1127137132
1135238307
1502047871
750305906
1141026147
1428005477
518661705
1070294524
337243354
1306969349
1450123650
1431453904
1524086559
581442748
1357001640
1846098581
171955838
233097495
1091602034
234645837
906982138
2018682621
996722648
118522634
1578610707
845742736
1219599082
455960050
406243409
1883174703
1501135982
1533380541
870929362
855700205
136202800
2011955509
136222035
654864505
934766385
473465389
1961833854
237406387
1904919293
1338436766
818849136
1114437285
1037051699
990804974
1347534780
2128653733
1225450811
107033270
1999852706
74689812
225555904
1430979766
920432548
1445154986
1886939816
1326675958
1180846041
1240592151
712572851
2051775403
2096292356
848775651
1916247265
85030743
1503640156
703530002
558496133
1317990363
940936390
315931778
508943481
1759785526
1430369064
1545995180
603106852
630420196
1527165266
1828557663
737453467
1379534324
1903247475
963009371
663030442
676196376
260680710
402486611
2002872334
1441526751
1643078762
567961537
1345818507
1591887470
1416737189
1114582124
1676918214
772893697
1818112126
87930699
2090884060
611564868
403862477
452343893
223866746
1834231541
1998339074
826973598
317168090
1378020692
508047614
1054621557
610071368
263811441
2017630928
1273101811
940007817
130827990
1675588422
795396503
1572354742
1171183536
1363358041
770689601
615587358
632611582
1885271725
145021924
1405505279
1555900203
232952623
1348905692
19981424
636815101
1801249585
243848170
323562994
1652105011
1070821769
640731084
882642055
1578869383
1695352641
1492713424
1842680824
1565499922
618331587
635204994
1696327912
146436361
1430601497
1121199006
1317619897
646475890
1891888607
1933207255
1279087472
1629676684
2078229180
537109104
1038093240
163698155
1886014796
1058074664
800513256
1539780733
1301922834
1124076251
1044402097
225260955
1764807335
1927044152
1804130338
1312676329
1272273928
1499327515
730692603
1890605515
2134532509
279536867
2037041876
1417650358
1400735874
1207178125
2064126249
1145140833
992901733
1195730073
627333870
923647265
1732839177
1665427110
1087345420
1471370325
576018126
1887858677
863667411
1877940960
864451280
1908069508
2103201916
481774967
1687630012
1759848606
1794451296
812420293
1111692473
377660251
555542160
1098741334
657197119
445100389
368908045
2057932993
1652278514
285550646
1055590178
497696599
1481280719
1682924048
1421343864
1066636249
1200867510
361205637
390522926
1776885636
101580666
1254190337
1507342949
966031946
1014776197
1463061217
1447806913
554922562
1075426175
1094774562
1367342855
39635001
1472434813
1922885015
1138376335
2129631932
220501756
1507284380
2040081277
1872780271
1792835026
948187808
222993222
1126632098
483628208
1644337087
45784699
1684495719
2005542724
436307625
1313897707
2107123390
1690497963
673757008
925671688
557790512
2136818225
225994953
1112713074
1064760753
1320769515
332572281
1104395754
645720681
107973649
95288441
627868965
328475405
1602572822
520466595
53772028
1247924200
1468654403
276765251
227072650
1952282611
1921102338
272857349
1489294682
1779161414
709164975
655708742
1738801156
252179290
1329465750
516989196
809969802
1318800328
742984149
1922682877
236077433
2063753665
107771510
1340473187
561990698
215745159
1435761628
1189859663
544220565
890850802
1710326258
597992593
2138775003
1031497013
874757844
218364005
836295977
648376534
491221355
178107011
280054300
1200386330
833815753
2018855456
1452565620
15797856
388361004
115051774
1334598184
1131345154
2037734651
1570675617
1047615171
2145506162
763665156
1609605869
213767673
51943136
651981884
757988238
942793939
214824495
1355980832
934085294
1246321508
83255028
1152449299
2082617485
731631563
1643670654
113240849
1011685863
696573336
947056602
883057672
1655308
962854458
1271418676
116707083
149968994
255280182
6958086
1720644611
1302895353
4980600
336826119
765017574
218748274
388769256
1416999459
976736512
1331563195
1631823954
185233696
118164841
730661814
268488725
1270614140
665795652
1000120288
766801147
779036501
2011806151
1463374483
1726093103
747380175
1465029792
541463914
2018798852
1581736875
691432908
126595386
1588694961
264593872
1429490740
1593675562
601419991
47024666
1812423836
990189247
1464024125
641676700
174268794
948364431
826910397
292433635
1679026246
1095399122
1563047776
197338250
2095519410
182365275
976374751
1959841913
1645739758
554984206
559738441
963285902
1096448120
431053645
397539129
1787881029
557649031
1986234091
2052474901
1987139771
1432426005
506411244
2034164438
1097366193
1496600492
1350704915
1739042893
1670869286
151585699
418469642
1963302922
1830611945
1513868764
1378867050
2027950195
1461904526
1561232325
856841298
1274262792
1059488435
1411825504
1834001233
2022774338
360789977
117571230
272829819
1187358
675220261
111580262
2053662259
514876385
1544006267
412589855
401557175
493888812
1909190347
1752262090
85448058
1432575986
1903847789
503917700
1248395260
1586976086
2017786465
479778662
1467442633
1332207343
2041010987
176800283
458986487
953015774
1588625788
145504072
828306464
1949415765
263075302
1101136284
1950603123
938295564
1212716546
1856781734
1453171949
609239166
121887941
1854729124
1103127978
2031078289
1459507566
1188576036
1316170627
1215871708
1692493737
417082239
655364146
1562796554
896860901
2122806780
747520249
790388240
152123415
1206506737
1743404014
1740749203
1352010809
424226831
1542681320
1615086112
1525363115
1345800795
405898028
590596013
1055098881
1859069977
1199835179
1176986823
1566315453
155479510
1060581464
878339371
1344055546
229268443
2094211079
889065635
646350682
602091578
304378541
1543211583
577414710
1051898791
186116175
729538125
110921880
1929520189
322803681
1462932689
206263372
1865485001
930535153
1731626487
1063802149
1336433181
174738853
2118901030
1048019510
1374574032
1148404205
466851315
1530053542
61502021
1345190687
726625441
290770464
1291918118
1615691076
937121146
1894009696
1920069618
332849081
323940758
824484761
518965256
1053478884
935406641
301001798
1376282565
250855682
507265170
1094283918
1181390836
91408010
10602419
370340369
266146863
2129503450
1418359880
1640720895
1130424007
1885211195
1023290790
1191926029
1082918234
1749916231
1482696493
227352705
1218123659
272333992
2121362401
990709629
605183073
297819512
1815194390
1124148330
1351298396
603117383
1425150128
580097313
853973066
1932415298
1674381231
2035363902
2023823308
1684983651
258220623
142486523
1667003453
1676580503
1783207419
649943812
1414308051
659014561
1841869841
349742637
261447144
1177082687
577095342
1479570803
1449416679
550974096
322796785
2054599752
848793608
2137991175
1031264434
52608356
593624911
308930914
632705669
1447597977
93862565
159603252
1335478231
2117685873
1844586903
1593698854
112688749
1364106708
1122795710
1895896168
2014050521
389620113
407427081
1708436714
739362750
668874225
738035753
1316458093
961380
39968784
1867432189
323758165
2094568537
568742149
314265693
978349323
621350505
907890604
1287280238
1254056174
208004933
1381142803
1413659426
1543483164
1351345028
1110762682
989698370
1464033777
327385742
2112494080
1212446297
193952615
354630545
1619873378
1902389330
1093993296
141263955
492941435
262967741
142225336
532910220
2130399930
465983501
479995109
551658431
780249194
1458344432
1173008936
1688139798
598141022
279581462
1896144731
1979283825
1693240888
1292144247
1183145206
656519922
134358970
499695335
983905665
99369402
1712141633
1177858280
453999948
1184531363
932763962
1547993244
1325795319
1425705398
1810960985
1468020655
1958615618
1793877267
1934004156
291127079
198052050
566769703
1749471511
1371060986
107425853
200128886
1650642448
2003570585
31929063
1196399688
1148231184
1215074269
1852919611
1282590154
1714769605
689341628
1381959557
1279427590
1867199908
1835959505
316475305
652480223
1236469101
1642270624
2078185621
899946438
962807631
1889317591
546340057
749328140
32961022
744392107
1316097843
1782432533
2115453093
1423523696
1982561419
1618611893
1279610633
2014490483
667527933
280358170
1082081104
372963896
1562948324
649367061
1062305524
797424233
1928794651
782021785
485900090
97786309
1434502008
1722369191
1740056933
1365203981
474831981
555380917
1107037924
1021172038
1304709057
1139998946
1765564145
473323252
774947831
1733533590
1896846948
610025603
1204661835
1028973934
477032438
1872189769
1309332104
1559113542
97670017
724796780
60996956
1159975542
1522221014
1989791607
1941997327
2008121104
2087577916
1229015687
1583006648
1680151202
446736020
2057838629
88048471
1553773944
931527020
1392757528
546289242
549607517
1866080780
1321237073
135657460
1615444080
1931262676
1340319295
496934366
260811466
1065025416
1806266470
1819925009
1162695434
383579603
1880921965
175187328
1905800617
1723229924
2117184655
1766438073
1663324193
1198716694
1201961073
1195991747
1645452714
1112316055
1284040218
1051743010
2043843075
529314098
1598032252
445966944
247911230
771785677
581624404
1863355310
555564706
1921943700
212806029
816376172
839485468
2019072499
488817533
2002180902
255168454
222255850
29884582
13485423
1945485775
2147069237
1779923497
1461326320
1198302283
834400922
509834419
696271349
1946716977
1793874637
1748014359
1843076404
175705087
1198562963
141559701
423616317
1970348641
723184105
139487979
378429699
497644157
352294008
1194805871
1337129626
223882860
1683623405
1191826880
479051314
1905879255
1221711463
492536738
1703881382
1221297052
124976587
1017724054
272115688
959377509
1527558473
968387037
758610839
1173949462
568917749
454203595
1349654549
1767480712
595763296
1773270866
1590345705
1318947402
1912758846
1968775404
1816591559
117569206
1016097628
1006237537
341452066
552237385
50580770
820503381
310632992
1272292233
1313040119
2014514375
346105637
1438016706
884754781
618221325
249910567
264829607
1586608363
1008521406
1438779069
8042464
1462725002
640949971
1775523176
2058488298
266737189
1218385234
1229952052
32012387
1039676990
899059964
149581594
2055774618
1905297501
491033660
460528355
1955878271
1311537041
771161348
1080686856
477093512
638192075
1426792494
1915110218
1522946856
2045013819
17537138
1787776463
1484138534
1026058544
1079071885
1492180998
341299898
1720021856
1120220527
252304549
1986759045
191122113
1482256601
2018771433
1230799103
233832917
20869379
1139090074
2139130419
511903039
1599618429
1947525042
1823440081
223296129
880728251
153049945
861488204
160037097
2068160164
236951413
57567268
2085697302
2024727876
1541705803
964272198
956316113
886403153
1305572097
528854321
2006623680
1557876646
368129719
50262145
892649599
239417504
1281061249
1126482517
260286883
272667675
1118129288
772189922
1872286104
918170682
448146355
2095582234
1798898933
601196301
809586790
1958936030
521872817
1046538203
2016503299
460086471
923782432
1410725454
1424358669
1880098545
149644959
582447118
261469219
8784992
2140323764
629598938
59047137
885489716
869016442
1340108386
2011972233
1129303325
1612776061
982617873
1901493247
1337578518
1900788555
202155955
1285677104
1552203841
803352256
2095263894
1363656223
1325225073
994318450
1232675874
1785311544
1918100882
495917680
1062186565
1650715779
645562640
1644633684
1912184998
654347632
1637473800
394300288
713394769
375479868
1263316730
2053503156
239968453
245136407
1518795569
1222586326
2146629655
708890439
975891234
201301962
1994567543
380611427
1004654218
1942347790
1744267650
182395643
789182592
829459877
1967707187
559799826
1325377557
882410104
63031957
1970940197
379560140
1975216956
477804181
2017033941
222033596
1191198951
245030161
1485350327
1097218459
484998615
1730486734
468530380
1707584941
1729632741
1177420820
535992527
1930934703
1024504715
916603954
788105273
819368857
513387957
970500916
1608551449
1342847834
790724455
20867627
520741743
1673134560
83899585
344198293
2052694700
2059116541
822002474
1922244993
133666489
2013201425
19791507
1619016816
962936236
504790122
1202019903
1431466617
64891415
784168996
461403789
600883943
567620052
1485908504
1517487897
1355725325
157793714
2030875854
178742594
1766345163
1226240040
969467049
1787212791
1746981784
495117961
1871112376
2091180077
400329014
1782745269
765698903
175090359
1916411758
631416681
194881866
1387944927
1594352917
699671988
442481182
878335886
764563404
1226650178
1339739675
1365447347
1794270230
678164532
735451596
1002511908
835958246
618843803
1181254502
454819761
1845083843
3237903
94548904
1444581979
498355865
1965661280
1388278408
898684879
1600922901
6493664
1073775238
1369851012
637910345
1268657105
610312291
84779614
1968329093
1052793473
963115501
585408849
131960003
155371528
1950856196
1926230234
833536060
538824145
781258494
1669494306
1157667948
1962512996
2124314068
855268143
1965750899
71379324
152366475
316623116
2037040605
1540644883
1215307995
1490479858
1547138547
141599586
712847222
37565244
1410256691
1323159513
122344859
1231102136
228469338
1085460360
1816510986
360429342
1240831888
1619883534
139175928
2074367949
11224031
920434422
1596378607
1168891979
735463770
1573209027
2024160123
553731021
1644588352
29042950
870354138
1534145309
1569687833
2085662133
877141519
969342733
79778071
1589988742
1006907977
1490034762
765664607
1129252836
573653251
994133946
67229548
242680589
1354563288
1308061437
1862564123
1493739216
1234945738
1873788155
266689990
683840697
895196486
1002153760
109566077
771872961
1555884781
1754154429
800915911
278755271
1140816090
223120097
216933757
2017957609
1192462830
296711828
1460462703
51887159
1786746591
78643663
1181139996
212916194
1072777609
1248369544
455596783
279857249
408947333
170677258
1773596465
1643893071
2044465413
2040286455
180250121
792178252
894956567
289816198
1564051213
303357700
2043970627
217483477
582112972
1037303069
440603574
799046729
907777030
1633066404
1095758557
220756086
1684953563
735021500
299399749
718609911
947937694
1372177358
1966979456
1403534477
1652034607
228443141
1574211736
1278147424
1872336213
1471193501
1170950231
2052586334
115888105
2065906798
194918884
1679939319
221780850
91405863
1897422796
803893822
1128708932
190542722
1602940551
2036485962
1823609126
551215461
109758400
1361079041
1286236961
409158149
2079688953
86691008
1781335507
1899184761
1490225485
1285886466
2127627902
916953573
416550242
1852480467
240663427
1587500473
1757583153
356551532
1505923623
1952502037
2036490851
1727704474
2043907900
1786429999
384114648
1025133184
1976972721
1987055200
914135499
1653098199
390787013
1023893899
866693593
1677023974
1433052049
798898898
1763714982
1066903908
550600011
1106456820
205306727
530744265
2023410393
621856969
235741085
116590172
61873795
1993324238
473141705
1567797418
1798342628
362148908
1148018244
1694766880
1095260
1532132893
572416417
1978067981
1371704445
1486551916
1483682533
1762491458
362962167
202892478
1292031784
1796014216
1001791376
908263119
715434477
1552391387
2014719939
920741204
2083135652
1890646684
1542598173
171393089
2007236857
1604471968
17233680
332894914
1024785739
1815576308
695043822
25320335
1362859540
696139082
1557453228
1935275957
526723416
781674025
1274344225
2010405949
396681835
1637306393
65814779
1688713620
1285836961
1067606155
449493091
2001271438
472513894
316729382
774528994
408165898
59892418
169643520
579558988
2067129275
1774115488
596792668
252540541
651417579
264885328
947584364
676737915
1627744868
1643723446
86707495
1415537178
22963214
868381521
542397755
2033369163
1265063356
32220500
2099183942
806293328
1318057462
1019306449
1255786419
1171845252
1491820343
1572515801
1946374247
1899986242
1632408220
2116017767
332061582
1552053847
1742649607
928854250
1804594389
246583539
1193739578
604695105
923321454
674000798
100934903
1010028949
2089537976
123898118
1878410470
484452084
9783633
995990179
516672584
2108967576
1802283507
1834730046
980790377
910586279
859091651
325127073
335618432
657982250
77629667
1968026652
626516369
409691249
1372596852
221682328
1338545499
1029707593
468265867
384801429
1634402698
1391587321
1058802227
1735337601
254132623
1000856556
1859235719
2132543093
1485308640
1869019353
981049624
2001981224
1830503281
635849484
1689227623
663810010
1546435763
400835626
988937083
1882054195
1058817876
1066566750
1702597200
1685334245
1476257999
927710404
1907016573
667319850
1957417997
227798793
1052121279
1444337047
1619386114
2110923507
1032191000
1873518737
964296415
743943072
1858578183
302121407
465478777
692144159
156618983
148498410
1327993643
1845846606
812308420
726945758
99198584
1801245504
461516306
1158016460
720328606
16629858
695867057
49102958
944340262
455399983
716422808
754274611
683198776
1768544088
51128010
155101242
1731983947
1083319010
2028619980
548796714
1827262082
1739714515
850918121
145257211
284375026
1007537104
293755621
1612368670
705900063
1106064042
191830780
805098647
759825898
653347086
1963115108
1480154504
669976944
511498517
1529257462
1614317206
966898500
98196623
221108169
1650097276
1866740711
272236179
1805198519
1451241010
1355555190
1686334851
2000037724
1035333624
1278565718
703472197
1180590836
1562940744
1711009301
1474346457
1027825766
269425716
432926851
1219656547
1074524364
1192752749
1873003633
890155824
525423606
395496930
1401654341
2054681068
2009814136
221069194
5394043
83438658
1871166470
1872134754
355674837
1528881341
1175892116
1711230027
1067732544
1028446192
599080004
198814614
1731918389
1779670840
1761755359
1295444043
1106533649
642097477
1564869759
1539460501
1861754024
491910475
584729602
1587274010
1382066299
1110153208
1982770940
636236993
1017350629
1845101428
857306187
1022744672
1928540086
580989009
747395779
136731276
2109870351
1923287895
1847961303
1030119247
804250440
299557659
1228933862
388685181
2079228499
843205573
1684129224
1038278501
1485303050
1101515336
430255354
1199573427
1593425811
1014984956
639363789
828008463
2125138165
474651081
1464245456
995005146
172268861
174067995
2017749818
2100808948
755057004
617661949
90056576
717443707
393466197
1938017879
1747562955
1197716637
90091891
829013169
1586401818
21836742
1672218742
1123047395
1060115243
1010038144
77079083
1490370597
62127923
1670504894
357871906
701491712
351029709
335526423
1176142793
1815275165
1330531569
1348411655
1989343160
1200797739
1301736955
596916517
1818459689
1391793531
1314360224
64442238
1182327762
914439531
1262158875
1272419653
1743452700
701077045
1294256396
1268187794
1824124440
206887991
130742291
1901203523
1697258589
192870214
1424224770
2055130495
894361927
1775254479
243173270
2070504720
1443045997
1573704839
1271432727
1284905509
627018930
425686034
1881822026
297994971
1817479565
1048698603
362437209
852323680
1963138134
1624596084
2124743333
1559107187
178189482
1271516081
679811333
2002313922
1478404073
810553624
1756033798
1028179014
1003423839
1032774920
935825861
1897785766
660545751
1178999131
1820806838
2103591748
605220322
944755918
1241013610
1232239252
1370441952
975351988
1530234224
1040437870
2024050591
1892671433
1892761550
1839705078
1369783870
1870021235
1251328617
1547973352
994053669
1931139950
1402803626
324974094
594209927
1011353776
1353153108
1597633766
2044128696
141495321
1347935884
557190800
1320494452
1021259074
513298900
1925714774
1966014992
1754312510
1010470378
1188973297
582180851
393220954
81927519
458747794
138408740
1974689069
150969224
1508192610
1697226656
1402297841
908682314
543796677
1185954144
164002292
868770771
1780164071
1175356069
74440231
1230314189
1072001117
215935552
430766425
1629191917
1536430004
1452025499
2142490818
1314661130
1270556844
1749319680
177647861
312046493
184016883
570868815
393974012
642764678
709277555
221179433
793733902
69986517
1918406089
48548096
978668831
314719119
1234502240
1142671124
1183489890
867182663
170543545
1257930122
2097496852
1242544662
1473865674
380779629
724252932
862812031
1832805128
719260102
29989513
955878324
321096134
207637374
1267924817
505113018
778506190
1661898829
1147877696
1487783745
1883078262
1941611598
1557770263
1654000704
1990159694
388955446
1968719823
1077178286
1531626570
1004726065
1944360949
1702170115
115172539
1894374153
797231130
1589038214
127670134
1521484062
304366597
1960475263
93260516
334356110
768869939
414356650
541993485
2036794757
919469668
1320499675
1551209938
2067347364
660799772
1286804553
1861475315
71086387
793321609
1704151361
460041834
614557784
633846000
1991668404
1619283849
430723301
1546354872
1734456389
177613807
196102354
1176010955
305283941
1717586416
1480377552
118275556
1810846932
1814733662
887145496
77719934
209243499
776456605
997189603
1529743174
180182895
917053319
43059299
1466987448
631044986
114145686
112825409
187712700
574187520
727383193
821558700
418372277
199183395
1252282001
1964727149
1933639784
1429895808
13345855
962167091
1735179750
1730932271
295060995
1853455306
1394295555
2109794657
593117154
1472015489
171554509
1369573759
321721444
1701297683
1549756655
1238774764
1744356982
869260455
1869819750
1858502669
982085865
2057532450
285206541
1709469058
731607502
703578818
1908652453
1983889504
520822319
1694808589
1266301664
534168174
509492032
853997766
117616797
804553027
559969425
1511912352
766864037
1153086579
836444194
938418546
375176691
1158165638
492232581
1924933346
249456754
89105916
646710153
2119276505
1947608585
1628796018
2029325307
85331478
1190781429
613449162
788910297
951950234
449855018
1309732616
499275176
1716156682
1843900791
1008767208
422670801
1961517588
1813320236
982640226
1325946293
432700625
2135726805
14906839
1371119171
363419848
1173072477
1863351752
140869546
1422529232
1952457668
787579700
1394322089
1752582605
268892070
1276163748
1837914084
1459673499
1889612910
479340733
264140086
191984280
1789073349
763415262
1908140963
1485490492
1772182470
183328116
1299524433
1438019058
1165968342
477987078
1870719683
1154211499
492893917
1094355206
1517631348
1665966394
810223311
1658500894
941011978
615197331
298596946
187850419
220296289
567489017
1464014168
2058210373
2027162516
1206143430
390067458
143818954
1398127711
31657159
907234216
1158785026
1517147652
531933039
1342113142
669188437
1969952097
360597836
1147175515
1693188133
1514809335
1640069432
640059691
884957035
1158552178
1450283002
395974282
2099564157
2065480334
694571228
139930928
138292975
1262060245
1603945096
49019700
1141739114
662604879
439087158
1285558068
2060732590
470744317
45308637
1072033968
1987891969
577241676
266663462
509596758
399710125
627261298
1656772273
2092898258
2142070633
1149358057
585474302
879544021
160426588
2035757304
1275518303
112507097
1953753990
1970089531
252438025
2092046965
1084666129
1856383122
2141066665
78921595
371504353
432670175
1364479663
284753295
903414493
1409788300
1356787263
743822814
1987029976
1623450725
1253419573
239256454
103228375
762708198
184671064
97815360
1912066256
770145366
977359381
2072492844
658419023
105394036
37516293
464689365
2075483568
289954318
409252683
1012666049
2146337440
402835700
1091587644
370358145
835505876
308583659
655111440
1738920369
1718371960
2011898703
335259535
1557918288
1487865780
1588679108
1797174742
1591094155
203903659
1981845807
1688909516
2115969915
604507525
518785249
2040979111
1262926548
624179286
2078495404
1727615914
552179206
220966074
2136868597
1564845255
219819867
392220649
508949251
590178012
1227726525
817532910
1245289453
819163246
388421222
1109704508
1154422782
1946339511
450086641
595618242
1596030605
2041180796
799521901
1430392764
1582606664
768008168
2034900290
2101391914
661503631
1150343190
578087552
592515387
730475456
1130266758
813481462
719860405
547628365
1033301329
1112081055
1056577616
1623479341
192323932
1874110526
721285146
1011487179
115048101
1830989655
18426313
2061387612
133592648
614044555
1509934569
27289796
1413566457
792843686
1609896461
34090977
680260328
1563804727
695594609
1830603518
2141892279
1288109996
413595327
1124675389
2101591458
1133455732
1672303754
987409139
98053139
581397722
463404833
290377072
308024600
1184689979
1301864251
423072701
868195986
1320290564
336976665
1001788634
1934335119
1846911235
1029078431
1200417928
492271273
491491244
1234508906
1172531601
2055295971
1930103515
855651471
2049704602
1070729863
1269246798
1026896343
1024837674
255218883
551716449
2012246813
353272022
1133114171
328167998
643649094
1441138771
1512857978
1945513345
1864211473
233570316
1118320261
53704490
1235358951
905171733
1900615725
116953734
2105589661
245403350
608444978
1192614919
1417934951
516257301
975234786
126102775
418478255
2045964650
1395349573
1445374598
923318676
1650568456
1997091047
788081841
2003840479
982721570
1116249840
500005925
276376693
481624170
298035623
2140588166
715194486
1416355884
46809009
1950553437
174043969
1947424734
2067507171
132149983
45344437
528468501
1324764902
1463279388
1044725802
152516041
1589382163
1463204057
50997043
837248089
761095007
974315719
340332897
610702406
1762397560
196689728
1593423976
731163752
696695654
1869800670
1212787922
994731277
1862905188
1927982409
263603513
1909714197
1731052198
437647483
1709655284
1651075722
569797466
1754999721
32060575
1894562368
1070795461
1076786378
2047078409
512693977
392506787
2098075452
1349942066
1153601795
924907523
1690274963
1764304201
539821436
1886964692
1210244530
1270985188
436176698
932561552
336289463
1430907975
647983092
116788224
1694511488
410213642
1847840422
2132158971
2119868926
1351432496
554472789
1727384999
1383493072
301551510
650696812
312795802
201146271
1163390789
705302589
151738076
365849207
1858904384
1076645599
2056124171
1475724938
1616467035
1795605215
538485820
739968576
84298265
1471047372
1076258039
1515206240
2119030464
1193046263
1062234080
381760458
893403037
1046909404
354145736
97351886
1601382193
2081530735
1480844958
1902933703
584743900
1793640760
2104079975
1748134689
351459701
108334403
2113983897
62880438
1184980002
2022624420
1538605376
653963390
1670745987
2077091196
1393931966
1755044252
1400654920
322706357
1122766844
1372201736
1515752620
37517276
1753962195
261672009
1084426680
2108107931
359023895
538325226
2042155019
1839868853
293775281
479415271
1486025965
250371608
80066312
1837485667
358706011
46566561
1900366105
1543686014
2069190981
1291487833
50165756
1592453320
1221095381
1444097722
1200013924
474266653
1766804079
175297120
1846468389
1135073051
212814397
1452946936
1396745060
1297241077
1413571220
1755768956
1835566303
1308242591
1448154161
2129341585
1787657862
786696479
232229545
1867724174
476698498
590935557
1914290736
229580955
2134621571
1835998069
1521068788
37303679
1280967742
594680521
1481401401
333498018
1068947174
1100721832
508795139
767931915
88311235
721609536
73395204
1485056295
2018850613
1486966424
1093341603
1706933269
647725367
394012117
1688791206
287899581
1180708596
1921020751
8140107
1657407094
364472660
1922430843
1886988049
351610583
1610945265
1260573189
388914262
744429359
1855253710
1870315663
1077927377
776717236
823553847
1586722516
1544649151
911865082
160848404
1618044355
249437730
32215370
957527131
1342779333
1739148639
1605252498
1736791450
1280456197
1893152079
770016398
1053993300
1901292187
279939844
1418465961
1676239382
19444245
1770076544
1139700999
1280017434
11507159
1884130358
987787496
1881822822
814574088
1764504732
557893022
253812956
1161670236
1469758104
414661361
632230943
1719195834
446876731
1589758075
914491520
38541722
1047526925
503799322
1318997919
793195357
1273815721
225507571
547003896
1553755565
1643973532
75759630
1573199811
1266566429
1215460630
705733597
1278073588
952107340
1693521094
1012412762
1766681428
1310542178
1570305784
2020494385
324728766
892580241
287672098
956959710
464292427
734548829
399234137
1378783947
773090551
1446761062
1882583270
2092088470
92472771
1008915343
170112393
639476667
415187260
1814085926
715236298
1988387071
933168707
1930696928
546637021
63758647
735320620
92674467
1076171409
354518401
1403216645
498993546
227529138
1727945412
1391573787
515201236
537421474
1855866214
1249750065
936655611
1087166514
2022840616
235933025
822266136
1967445438
328405797
1831181479
2137557831
967882464
98885091
1804160109
1683118762
2087272163
589845168
1466332042
486425536
653603815
54169015
579100003
1729775225
408687416
1982316648
81285123
636216554
1562778412
1472858910
1151417790
2100199886
1181241476
253684207
889371849
120924342
129041175
1125304875
943190478
2096486613
1453710672
626888309
2086560796
274109488
725773401
1743237258
1957228251
665561916
185598778
1276076645
1151987452
839202594
1330245660
1731087455
421494171
1738933076
1565920455
502779294
227665982
981215220
1975638204
1379083772
933931458
1009396032
1632767979
1823303308
1130320375
1761809154
801124535
2073510853
1710812119
107351559
552915515
1649889268
381461047
1278688916
1245642878
191205650
1944250832
1431241656
1467282296
948754636
122960602
650044308
532358443
544454773
241493737
2098278898
1047234067
469159719
932010470
875388623
1848243492
1865941929
1884784656
1333527823
1541761589
867621383
947853330
195402476
793648588
511181801
302754035
1346564103
13587421
684215082
477769371
1259230299
875420733
274536555
542988308
195219381
1223291191
665948910
845263689
1755649634
1210403684
1086757426
1706444885
110154103
1555917146
490971707
985542727
1256676990
209429988
722843735
442721165
1751191577
1590465118
1390574495
1946594053
236630058
1901756297
101864440
1583194162
1915343718
786079523
2060963533
1027090370
1661500256
188016441
1570078678
1856719637
1411307632
88543940
554499678
1019473619
1298947624
1641257105
578434856
1409101728
1049690603
1069406563
247160807
158883945
1278836552
970004542
601605110
882544481
412986012
1992179606
681654887
649616070
1746452255
783519327
85326584
1514312325
1569598850
2146290118
393919047
1083615458
186822911
1963997725
792851447
1598130543
2052541666
1347351126
470120514
1204005642
841124583
1048555370
465623722
1890815186
2117961934
712784529
2049699131
1249314838
1682789071
503820593
2131859319
2095775083
348516551
666030558
597907506
2094968806
1449549886
683234090
1461797484
871665088
682040560
1855716531
1955280547
868863471
1672230609
600648346
319510367
1577288627
1947999472
789630881
633810621
641640407
1838186252
1099434344
384971945
1808664538
1812218873
287187428
910495728
1347524297
791008022
894871399
1295815732
1139524573
1560901958
1893723238
1087009732
862968196
429473681
401323568
1734633284
1111514241
109556451
1542430183
1980377713
1781787060
2143078530
152404432
1211592039
1943594354
942035313
1845402661
437751114
632737917
797353357
822723059
293918807
462088582
1109910488
1204414535
1809612879
1900918510
2099285935
957944964
892959435
1512704245
704184554
1979969167
228188793
1133658235
233809087
1962822077
97688829
343365539
1357768613
2078066542
2125152599
1353363495
82987326
1189260991
1149474201
1025022639
887180004
1587225315
1657760557
1684533361
262464727
1951679364
2146621943
1372375215
1008610252
1808751175
1125810077
960412539
619212491
2018769512
325633136
1323397045
1851255032
553821929
309571633
2085064119
369160358
407260462
280946010
1726928971
337843356
258614962
932808818
420830682
1447875953
2082283020
1445853321
187572309
1522024687
956130230
1872105670
1784489414
760325947
1871243965
1009380981
1768936199
1532511492
2135191058
581865090
4240335
2006476923
907498226
1327637381
1710248307
1461320155
1637209014
1647828778
1830480513
2044469476
1928774789
1409925837
234829184
39906103
195251007
655659866
1487782056
130050379
2101513187
1675354365
1652075067
910159770
1399976387
1289080833
1670485717
1123736704
150978167
1291938268
508764549
138685577
1873803358
513004884
2145162500
633817936
1840642265
1707927159
2095138091
1330367631
1208272290
1778134956
1227353459
989563431
1040577145
1462182643
1029469534
1235828153
2117842509
369767942
1365878532
2071872049
2045122307
870469951
834548171
1297615046
12067137
357550240
273868102
163045304
1649488508
782632651
301730881
1375808218
1295637536
299409734
2009626154
988796153
2007336893
1957280597
171680137
1068125535
1587931905
1399033596
2057688966
481025403
713732592
939674852
1716853556
684091453
1309442794
935248440
608479854
1207081453
1805718392
1443028025
357212851
1817785529
1800578265
631080954
1980830833
1302583125
1413713605
135078066
530907695
561867493
434487800
393050201
1550663647
294341046
202847150
1722343784
1362466581
1790779056
973893732
1272671900
124320811
1687626324
64863104
1841174367
224234130
1374305899
628939159
832713984
433903704
287173903
128258362
791116556
2104959432
1928836627
1422197510
1938306617
1083936105
688427467
2073384684
1614843800
1250294961
360388836
2007894002
653474960
654729882
63257504
228335096
2017196464
1854036560
1202228828
1142384716
1978357371
742371505
1207247820
1672048090
966605635
434070071
153503602
1799319619
867973776
440677505
1927577981
1659090332
398153290
1708930961
933804194
188976259
645383418
1622231661
114877295
112743570
725042974
475266132
2120637572
1378517934
1129996014
36411429
1606853030
999708830
1890447989
661598211
2142093546
1721321713
1403969716
1201857719
1245886155
223091703
1635927790
1399389757
2022411322
356417918
1840067263
1802505656
2015508250
90736905
1363952969
801828796
279713164
2009336387
276576810
394590460
2122079957
1001619784
869856592
2095233882
232654071
1999852606
2131645311
1839507101
852077789
1874609652
353621664
846687687
1448447717
1757591380
2048545406
546850225
1980683083
1536989549
1946239982
1855610758
1893407467
1638823597
1510632766
1761432070
1729560502
727102087
415777218
2009273667
588954826
692354028
256380479
563551135
1693973813
1126237071
511301369
1926627884
978606029
495463032
1618651337
1830683818
222589037
1972273002
529887858
1671036754
1582380734
430949616
70403331
1415580170
1967939165
2016643314
1123707280
1713862985
1507983263
486856398
1327811407
1090060118
1213958485
1743588625
951850137
1802913311
288459006
1208230616
218980798
1982432819
186984039
730282168
1761577055
1165590068
1225745200
1232744744
848790239
1448334237
1057534098
1378678097
971887344
492431185
1809627713
1042290675
1908011355
1630083231
911450341
884234987
1196462568
271949957
1371091385
376790327
1362010075
437566222
2120378952
166376564
92995885
261354310
1374607180
311976683
96303481
1561591219
1042258851
1857880536
579697639
120520404
943141633
1428487878
1568854641
2000675731
659682327
393258337
345623268
321826393
1435549013
106150975
1951909624
199515706
990385962
1000888544
471465663
213993699
1377678871
1833475738
651559921
1350574175
1999852302
744555806
1611928486
1226975834
1056532490
1708231967
641083405
2098791341
1418628856
1220781045
71828097
214286841
501785275
1640682739
67478924
1161467603
2033941076
413102193
1483293996
1322006441
519253168
1287719972
1521522148
1509639131
141124868
1992987811
1723632830
1518803739
1678979902
227709104
721894266
1531348556
972264910
186339104
610840743
2028797400
1894571072
1251924148
1980105094
1165716280
325221545
2051933191
1380003121
827006821
1545132282
1447482045
1988474424
1431589711
1860584238
1324284772
606112504
232353759
464521096
2127634652
1741992890
605645964
1973138816
1318142072
2124449703
1504635070
1545851176
698860321
888499978
370632439
885199426
1499340721
251946191
632286850
603781222
84567637
1798003130
929002767
2136500829
1030522603
1756009588
1534149463
330521000
1597000364
818255526
43621591
773801488
1424368031
275975350
1238322584
1404519035
2017968240
1843968548
1230174203
1188626664
1820934603
587325625
586994193
372311277
1475825604
957626632
1257510703
827682677
1209572823
1889797553
1431463899
1294140461
1540317035
212983019
1283157642
423355990
1968992607
669823457
753876990
1418509324
1488078984
797498581
44827164
764963367
1073473931
1283149749
21998754
943958523
979634649
1252172958
2132585188
653085605
1839498583
572095733
1025396882
1167840539
1529722365
135423937
1995523217
591811540
2025221490
1279503468
1885952001
1418054877
1492486487
1021625995
1841410867
1313995447
1691449453
447804209
585021123
1032044789
1245302791
629848287
1797008156
171293074
1912998036
1819006910
1115251598
745149038
923696220
1100353138
1398234643
615711156
1672448871
276147877
1783551695
1054687588
411571814
1631591264
1646499128
289309656
763611085
1384967482
1707364533
108613924
259109829
1401291752
1422609371
1950559282
1849095961
2007630494
835120423
946915104
489995134
484644931
1118208179
255509522
156168194
85976129
1000658560
1079864414
1186329267
251409555
1695575570
711294490
527557432
1331643618
1765982078
939129246
815751234
1264997558
1228438902
1579362319
502481392
788319787
1687976244
761591222
42127891
963101967
564666856
1891223853
823248814
1399787280
690655309
1313243948
1884432211
1808863488
1568753470
2040600405
1894839617
421928383
972981172
933685236
673337938
521073094
1644979726
1200895371
1852716712
1263478156
2140024617
520984299
380992067
1220979872
2100346618
883473459
2009299659
1640839214
1645064681
2051427551
456457534
62247890
1795167756
1279706348
1462035170
338339417
445466648
1198983733
2147202906
2014220118
1092100491
1894558875
288664853
2065081663
680760464
962002792
438671109
178256542
15414515
143904174
1441734699
7955484
664888473
1822726766
1228935356
617751443
558716577
1090751368
111107010
56297611
994695271
567564544
118545501
642379379
1847270892
1580580671
980718796
145253892
632080756
980438054
11990362
1724181247
727513282
300655216
1641779262
1408273746
1262658008
2080450372
1586530288
1278072523
76870898
880781339
1286028007
741759371
556024457
367479716
1359510814
1114741035
1458231084
1470617824
1171038646
305442707
2038182368
1289584147
947822086
1737969612
722681170
1928540882
1883223504
1354761926
761495289
1895213867
931459526
1489008571
48385435
425755140
749798669
1311043443
358721864
188845309
441632318
435592762
1069626649
1727660325
1177352133
1625651106
2095140041
389379300
592908493
1405887477
1859997124
1763947139
1711330184
1750695845
906047638
511668622
1341181809
1628728808
292725857
1076921666
836007087
1054221146
824651885
1767466613
395746069
873037320
45738105
1145544738
36597115
404459970
1334390047
478229433
840052732
256533048
58406110
2017404866
1882184155
6062504
259300518
327609000
1411949981
2119297642
2091556140
975796518
1722509839
850120130
1487465140
916208001
331365291
1780190997
1993129667
1167372378
686928495
670297904
787355343
1082674564
1543335224
833093448
80735654
1579932339
1237553418
1415125702
2058161772
2077606151
1671658750
2116567882
1947527369
1406359257
2122630386
59344239
1733968258
1387096720
31158233
1678040750
215409590
1753668073
380677232
1702874730
522392426
712042523
1335582080
368038445
1879414901
2022510575
1038336349
519286596
957701492
434187925
1352380045
1038437146
2014120264
442449815
306079200
1924798388
372572318
1977737951
1893882622
172616039
1236613560
1869029361
231960278
823098170
1108642433
263118512
353655272
1324052023
2016786585
734332505
879443105
391695363
1446375028
67541537
759733808
1178306282
2090052113
1798070157
1697592878
900269957
84774434
902489275
1938707103
2098894698
1344939091
97302656
1876209438
1717511409
2075040607
1622608412
1890127449
1164170519
1344154125
2122087727
1987268690
305312910
237722591
193440314
1629364933
107025528
927772819
361324391
498720891
226664200
428865928
1258454699
1404970482
371434393
909041208
955079712
1271704350
993815642
1857568988
1062927806
945226692
1055024431
1160230462
673952482
625052192
1087787421
149077247
367695993
104474292
1493231372
342300073
2091742982
1798544283
580022664
137699649
1280425568
