5000
176208083
1650100842
1813188575
2064804480
1944264725
1673642853
1582759448
309901569
444031692
1926035991
27500968
685202892
1892950756
424301792
2131088461
496061684
436195976
1301429040
2051056881
576541745
2078996674
1071608058
1338837884
877366047
1547383855
1320599384
1268087314
1795879210
777172121
180117254
1395780895
953380204
1830218096
1061485822
870701037
1626999174
587645027
305976837
1936900743
1031676719
84529180
1964401711
1716879612
1977479936
241219855
1700484425
326057973
677415831
854429817
229631206
1253957576
785942843
1301239264
445311812
1663308890
701139471
1765911197
783912556
349535034
395599670
964029810
1745315929
1348979874
646764258
659318104
72197263
126279784
1246963131
378174100
2063180527
131156203
462703281
1880098590
1848035815
292699569
2121318445
1401036592
618757542
651250629
107982761
848388749
1905208205
893925604
2144365
203036370
409750846
703283837
1968947567
1193663402
1052818871
217063589
10209564
650651152
1566043463
656973822
1309969256
1638240727
783253607
409448740
2016414827
698950486
540604943
331634460
431565429
241157110
624334030
405400226
1642193702
1243091572
1056650855
1750176463
2091480321
814375413
496618419
2093624687
1017411783
906369265
649424876
838875702
2100032667
1702243747
1055939291
2110242231
205411251
474499106
619732405
1515380508
2112739833
1402986012
1924829248
1981671013
2101936499
317950543
165821825
386018280
559107653
790155855
791418506
53817707
2033247428
1848069362
1803994170
1977244101
514961127
153128941
1923385140
1532372910
1059498206
425326368
223764964
1012047225
2127570115
1279704255
974805808
185497719
1754203361
1594538213
1700878227
1719459547
850040578
1478223827
1553646912
804493429
1796174370
1719468737
1190511709
207798375
362140945
1981930215
261616082
247904725
1682515929
2065610252
77665178
49993408
71255545
2001050319
1582366318
1130753751
278893039
1806131282
2142800976
258979507
938351889
970123136
444477226
545071603
417177701
2145355453
117047502
1267218279
1476095632
1670694414
2071711708
1124786354
1242679503
1114739769
1332584729
1604820448
949186337
1594200811
1852725173
484218618
1512327415
1930390352
534212027
1583582960
1783957023
2116578345
566853063
2062850062
1775225980
562170391
174345921
566094221
1532293527
618823147
1111165824
1949471228
616694952
1228213326
1069205860
2092790584
751424092
993433920
1070093290
1994103596
2108173690
255194371
1451440396
909876379
1849395182
1156681922
1394094997
1214238949
939588626
1928307024
650338261
576062001
1897401722
1217191324
491428415
1525144054
1779361715
665774337
2091238275
1164171594
1284597484
1054920452
966159175
1901292437
135650130
2035365035
1846599373
887074223
881315307
769209016
733694171
842005349
1024403387
37650919
1751881728
726314922
1194332841
998493078
1940553871
2133921467
779316454
443408485
562499820
529234528
1660599809
1053928236
2054378582
1292477877
1719702573
1998133210
309165823
856816409
905570014
1275324998
610625198
1041220144
1163206385
309740924
1928294367
2044521693
1078949940
514504890
739043394
2103353327
552155810
343441475
682184601
1746488651
1341934553
475254825
1732926471
2121251007
918663310
147942643
503001888
431779471
1201870879
409896822
1724257348
774089804
260546384
2033423172
1630906214
1166116398
1161264522
94047764
59852895
176987260
403788688
1988147262
74025305
1482738628
355168505
813068699
1438608308
907324315
1156510174
2120792909
506329318
350961079
448564086
91772141
324728439
1367227396
239714785
827730327
1799006868
1441585664
1237627149
1375780568
68191821
1498173534
1261720092
1699098035
516806284
275500967
1793145799
576659179
452488227
49450840
417322794
526513532
1532189468
772491299
1339582231
823314128
1679815614
348608758
796623390
38661284
699569837
1245187476
130433426
1024298276
464931225
370148211
1852028603
116454445
1811733875
942172105
1492235013
1879925696
292861991
606471458
1431540083
809668275
881972425
1077202235
1386327455
1334460652
1126653075
1803650249
1860974184
511358895
428657900
1053072767
1334673024
2108473514
1401681525
2131296414
2147134798
2101251363
1229000242
130084576
978065991
1693931467
500232787
682610947
1810385912
164483015
1624783052
1155137278
2044408711
1917645043
1761608736
1328465147
579829670
496097513
258183734
1966157125
1830558165
1384836809
1622323726
1544048701
1896195704
2050981626
449637820
1083385080
2011971492
1851319346
1067197846
2011622643
1805087061
148714441
2141707219
635669404
1842645908
494456359
1318280351
1505548173
658939374
795579755
513201803
555864437
565741150
127326891
1884329584
1145570821
623424404
2142513318
964244298
306498921
1379866479
439084377
1850547622
1128578536
342582355
152701794
64479968
207070200
2004021140
1131677815
71209195
1661624553
1280392256
65432766
149810310
975554516
559889125
1468090661
333619041
1218828499
116186769
846820844
1774692937
681927919
974147735
1511538873
1827498740
1597572139
1506568544
644259391
1904071060
738951375
1083343768
1607135034
1867529911
1425926123
1759836829
1932009880
1632996323
1616374321
916204047
1704205518
1130515227
49112655
1769638285
1280325537
1024667171
182043762
600932550
1358286213
1400872262
717119319
57623409
1028081551
1399047239
1031771145
392136776
1079062331
481859636
1898705320
1723321722
238447049
490173048
659181842
1845582083
210219311
2085107966
1457935264
2142229191
1570620641
926825938
910949590
1127342512
2057341165
960062245
749497149
1190183054
1984729417
931540911
1791115604
1195531982
184929525
360751276
1253155391
1213011076
1759798515
137442888
1605147853
691377198
619302525
1356369525
267215273
857749574
1846542573
926397115
555848009
2056761885
864021433
2013783274
2051507428
287158427
793125564
814973371
1414500939
702983081
1775035616
16514440
1893166135
1612281385
948055351
1536798091
660329719
1132984877
1897549367
1913485111
198512305
1509864234
2050927999
1803660158
53757785
522746876
1012546036
320973058
1380496450
711604961
1247370173
1936344460
620883198
2111391607
1802644086
524906979
251066386
448286002
1339880350
1665567325
1151269083
967432318
1682081765
896951570
432230056
482653468
286266013
1092559775
1615638345
36331733
858561238
1814150651
1546195967
762005590
1470327161
1599953752
1284752466
335389549
1920926810
517765269
1046994511
1020813336
306626081
1667877709
984721295
2109270167
45301040
1235787681
410072521
1385181390
753871358
1561341604
205130061
288469475
310809526
637360117
771122943
597075539
1729919892
239277641
633407272
440997483
2053428292
32119592
1203003073
1376271805
1632073344
340271891
1711661355
1405516507
858037160
611172218
278846195
1164663241
131566279
1263567490
1126449760
176867320
351871523
1536522281
1562048710
1105742881
950380237
1767178771
1394212356
1261189763
257055240
17851651
1858265303
1986975133
257129292
344188927
280488968
163073936
376308519
1483492041
1539345742
2008381864
1823763932
1103523449
1266414723
534317445
1714695667
1545260918
1698980686
1846261946
661344760
677946799
2023129266
1013216283
66985432
1437694329
2118959164
1017365670
1057389452
1365687872
131071785
1314444693
1383539523
1989337088
1153936178
1640668816
186042368
1434425146
1803742752
562350887
770433539
1195604846
423249103
446713823
151644647
1689663826
981031268
1866340314
1087441096
532528307
1565118613
1748785856
1210475106
1440764231
614518491
1277460538
730974912
585994007
147342560
1788364365
1951681879
278414346
955325410
1187737755
120267786
2109261588
680922923
306310154
1396203086
337182027
868661042
19152977
1532786874
1291910145
465866800
1684431521
834090324
1446898069
1403288188
1921531420
1979426376
820923153
1522833629
1042417834
114203736
2137352120
172394724
845178649
575862480
319737285
486059366
380060711
598151631
1441384776
1567798466
718419417
1403162716
101237741
1024729572
651882154
438419769
1893390614
671035131
1971206643
1037817111
1136901931
1508154516
1871907435
436316352
763959056
1645955208
268259080
1584882209
1021305189
1310676914
1699085946
1011173661
1483071639
396780947
1587036141
1802808924
882840313
1967096853
253476907
176741441
1387411671
971896324
1579904157
1488649413
1996625896
84302663
1927069182
1742532862
755337794
1750792177
632866326
1892239725
1111463045
357290113
181072430
1875422102
2003245321
449331510
1312820663
877066862
1760008425
864422961
1888240524
1095596416
1261203908
1327793017
750921692
2144044221
1147406222
1004398599
173302014
387334246
1976294923
1753206171
1875983659
1825437172
1837508834
1655569193
1420486386
445362980
1258877722
2053352712
190119058
222857119
263159178
371191488
2098279221
118920851
820522998
1263616237
995987714
433047775
2128039198
736744590
1528644191
1241759459
2064537607
132082235
1238320032
1064460182
1136480834
1411622047
1451794428
965292110
1017344570
1180294439
643245634
707369757
688379984
2063732020
1152732737
1947257706
1969601085
1342851795
22631177
85276615
1714043283
2120910399
204197466
387082634
1237042988
1200185180
820130409
1217598538
1936929770
201290953
311874349
1853983730
333373188
1550194382
770960264
1469854023
814332781
75271044
287662485
1831677351
1255565483
930908119
391563460
1943945467
847156491
1544296198
1743719525
669273928
739664345
1766350702
754550543
306223981
1739777453
958748010
693306615
829336793
11449542
1513437024
2046935332
1948379313
1714727977
211326033
1654879395
2048101166
1761520415
278356011
1370471541
428369548
353627055
1658134026
112563252
1609192538
441558497
504126712
1405654357
1288714988
2048422910
1001890234
1957988917
640603608
620757288
565055812
946827589
213051094
1523803822
1640134204
1042387887
1535253365
1006087580
941839571
1336149030
573331910
1153165605
843544777
473949428
767202372
1121900788
1844420969
1195571921
1475527843
1355071347
1308135173
937236733
1796629844
1812261885
195407442
937861184
1713201148
1197297676
748366453
206321108
1818054964
1313422266
1153148697
2031106058
689742440
645799253
926010298
77512157
1651886833
1867849869
1413661187
77735095
873531826
109722316
551684523
1640734199
1231623104
248621844
688822472
559667299
1603693191
1996957645
1496904032
1252839387
1661735882
1692311474
43216924
1227453382
742125502
791583377
1433774490
412696819
2105005643
439439539
296319229
647264436
1085238792
1222329527
724776593
589641978
942695749
2138437781
667377073
1816227575
100676449
1219061597
1309478126
1332299554
1467683441
1998300598
1891966853
923892985
1847774595
1241387238
29248724
1362026830
786215064
72465648
441996564
1528340567
864049026
1875771055
1941037386
821571021
167726946
89872967
1468835457
1252965739
1312202495
46128403
1842607717
107414596
37082536
362501142
1923642171
137758985
1581562739
1085636650
1470058539
901762533
936453600
1214541745
1825655518
636744548
308445335
1854904242
1998771378
1094660399
1927369891
293284294
475517318
643935269
21571701
269071056
1465506290
189298648
358944024
786858100
1442264387
1671146519
832986503
1137388456
1778561115
870069039
1499889598
1554719638
1007828024
933968690
492872640
330402916
1835731223
1429326241
1544944661
1513903093
2066070789
1853389996
1221323687
1917358519
800566747
1001209930
63159165
1276084066
1645145199
84730867
1545155122
963167842
274029515
1904099146
1750025942
1716293902
1427762017
435528797
706198710
1058839484
1305597836
58604660
466075475
165942212
992573350
958948115
496345128
680820925
240790708
2041289789
47240370
159377849
1747196137
1268564058
2076736368
400279237
122290340
2139895534
1676363303
1767435540
77142753
1074034777
583119734
351172268
830650276
185662028
2067466170
110928645
621190825
626181232
1169768130
1926788661
684785892
1635843605
2092730873
1677359243
447308072
441592354
210696520
688098781
335398495
257936891
847476630
2082594633
1526500949
776729351
335390222
1648791289
769141237
2011753525
1268743181
846283990
938304654
1851862915
1197456258
1768954930
2037524943
1117438780
1879883576
511232120
1743620012
902168058
290537133
280922256
390528015
235784359
1958281499
837836087
677376713
21494372
1525934868
1012775208
279431263
225927851
947886193
1805932212
1002657202
1283276415
1307239853
1771798439
1147546292
428499387
470598781
2085850947
132878654
1668055039
1707322229
22919950
638010171
1439722157
534152070
234146535
194406567
824689204
515068791
584934582
1060473563
325866643
1422770670
1737850276
347361015
801221890
603141836
626792278
1027149741
1551028030
285240842
2029806943
686820797
1592480695
1654121734
1834367090
2020980082
2124720515
1772734389
6375089
1645291906
1332572970
29295039
135818429
624811480
563447109
369964964
819218047
1388136313
885033756
1404152630
301126228
1210900399
679439652
2038976504
1558261414
1480661542
494634693
37570044
360327636
2045662723
322810886
242650931
584999872
1915291581
1896772666
271883314
1788788016
1874009533
2044617703
1795163105
1371817792
1229707026
1824458144
1507636221
1854518506
240421605
1877601186
526252905
1628557919
615151294
1930405535
1929684147
1826051693
462361539
1821177004
1236829459
1943023082
168328049
1274399503
155867070
66507124
1597210389
398518001
651506996
1365018322
147807019
923390311
1006322690
2021816553
820524366
654002147
1246150697
2050231392
330976643
606303270
1757266250
571398249
336420808
136035508
52472520
951572102
2066441043
1982156667
630140147
381318935
1655850023
1866969606
176858369
1824178072
993885461
332725439
1890685196
443612202
731243440
394708545
1808630525
879050460
1318098856
667469567
753383365
2138623222
1321471715
1999534062
2041370967
1652448358
458353684
1651153569
76362959
794774493
1787189077
128835479
1746346595
1706146473
2110992147
229003095
2087465408
1619358522
2095972701
116840129
1296052947
942374515
449565568
1039254495
1385986717
1180809008
1433963040
1047133594
2059859468
604578248
1714603162
665759185
595717823
888591229
517809599
489605142
393555939
976163284
2140758711
469918899
1770937777
1780464141
598754378
1369800724
1339126966
562262877
1598803819
1279108726
34137752
1547292873
1395948855
1330190699
342183740
1845514423
221961546
1728170457
878839783
1655924587
627820404
791215604
113019187
194939918
1456974789
708737010
1083531147
1974784389
1198342152
1477087086
803464025
1191617216
1947005985
426918154
824597709
398276716
1796718878
16241027
960539593
1248039050
1295349753
994677345
647848275
543814960
177384396
990032015
241845735
399345943
570718824
1120685518
2055270530
1198539228
1911901122
20806069
1393479146
1221392264
729543080
329526645
1048693005
1927885232
1806613732
1852157030
972018800
1606136069
131591536
1796616509
2004412785
1928310414
1812857536
817468731
1028865816
960723641
1812146076
1676714091
1504538601
1989530473
519262458
1746384336
241392768
1089981283
719586207
149179650
141036863
484003681
169985719
1534516010
1705395945
899528799
1864042655
606605302
679930384
1523172739
311278684
1651949184
981825161
442870220
1301082046
838754298
223696987
966455934
1656223029
1252562803
1927179576
1320885458
781793247
1284234529
1162932283
1301055705
883135218
1404325051
243553340
1602721425
1553504701
384590204
2086725106
1723490420
1919106214
1644637404
475535572
1635665221
103759058
1155465956
1011354313
415037743
659931492
1993179474
857907963
1961013538
684450124
1081604950
779985825
193189506
186684106
559681753
1514074964
968477353
1843916282
529523599
122049410
579567852
1933848650
365602751
34805629
1339869703
750192955
2121530736
915876475
521815521
1618684492
1391412047
9997094
1722443550
399394355
1021351407
2137481293
1059325848
867047233
847905609
872855738
1551497358
1929510559
1652841563
1744686864
2116194665
65039668
1111278180
937188370
1908955951
1640801779
1059237781
341040155
1427166781
1424840532
375845785
619552836
27549839
349892873
1535429311
549365360
1968577365
779357711
559362454
1543537267
1178752066
1580713862
1533534913
90594266
300277447
233956874
963450005
1851774805
15983785
468807920
1448978021
2132178451
533847589
412772553
921883173
295319892
2053574332
1981120954
636360047
1333257465
1258477838
1012205832
1952810301
1286027677
1362098705
1340755965
1835393037
1183192422
2120113676
247271844
579246042
1151382094
1827985706
2112780955
1241976361
2128263153
199254181
57942718
1832554311
215237966
526750638
1134048684
199932769
1060598227
1546821238
1121815943
1355918119
1452911922
955453249
1992278167
638685740
66447440
857000351
444012393
1352475117
71615409
1784768358
1040384507
1254807831
1757398386
1287656351
1834053873
761296833
968158409
1799351180
2003273194
948937914
1998605361
2061215912
634008577
66359680
440482902
1768057262
266292449
1501081130
1167394852
1388108392
709515601
472823126
196077994
554310120
1111508866
262525434
1411310472
1555521260
1615000551
1482925881
1192805970
507901410
590250064
802720709
1795557761
276820290
1564017542
616232522
2076171470
1419807088
1565170437
1927293184
1333539352
51695366
1993652864
1774022254
1819752628
112461665
1127619736
839663832
1500570058
1837135338
1312486959
1696648052
243961810
276512177
1959173486
1655272282
1832033437
1426690389
990714515
877355760
1934591800
1580964580
1680076469
1582665913
1857784870
1096610363
51414788
1786472692
368933803
1616585225
1566282228
1702473155
1668280591
1412451444
1329011761
1340549572
1524913110
309147850
32729756
877999520
2146283188
1345216715
427163924
242761350
1621728893
238853762
1898033633
1306278682
1665544151
741264500
36150794
1452652303
174745432
1716227263
887834569
2032530302
665353978
939249357
1671519347
1034287781
408350934
1090317927
589277288
2076631525
355285724
1918289050
1269697449
1880198834
79953252
1302427206
610714706
78752792
500160273
1037878630
321514142
2121889166
1276732392
72064127
1280684201
794792895
813328628
1316834995
99961551
988074060
885578611
987796120
873120715
1550932589
1927045477
397156414
437736723
187912763
1487474341
1027014011
117060640
1842760065
797819413
1386758090
1575475251
877772665
541701648
38706309
956525457
1041861921
1076584939
1278039600
1016267440
205833683
1350103727
149467993
1000626579
15948707
1466302988
1100588130
1004022768
204397951
2088384250
1877143483
1755330541
1867946079
126816249
45583616
2055858842
1614290590
1072597627
25435834
1309567008
1870417041
1412193924
737558611
600706058
1953895572
776264921
1557231516
848273846
1852849860
687787468
1864541286
2058683544
2037891195
2014009279
911826475
2053839903
1332828619
2012414605
910379023
1537226571
1953315207
640038858
1145073464
1673777638
766855107
1190657080
1582152832
233662049
115771059
1607588666
1543229057
1986188100
872298943
133304021
439410511
678710867
909568942
1996642027
1526984713
614935154
536945847
1244042351
526135050
427353394
1110567982
1437961525
333709649
295912954
1302892482
1244088672
1833139525
1108724041
1884127530
830729341
635018031
503498989
2021386421
69687215
737161039
2137157480
1677275882
132906448
1975861933
402091177
266210469
267788796
1080802044
1175779411
116947175
460303110
1790714566
653893022
1704345461
169365968
1081246416
667429796
1607327494
1414956066
963342750
762736328
511561090
648998627
1871460370
248204973
1479727968
358994753
751703962
1353630741
428681969
1488865001
1343304573
2105957851
1621771450
1171682858
360565380
1887981919
1439471654
1441367424
916277683
1556418829
1901670534
559508601
62828203
1458532348
728874569
1144074620
2125962144
188718415
411547038
941821246
951454744
923108128
1590819873
675431466
1171313101
923064193
1034426219
1923017064
129211286
1463108188
1264398417
1472515859
1421582391
738686219
496715070
1782147771
479184491
1936186724
1076031548
1395462174
1345121906
830218434
1954970775
1407950109
141267134
536361696
404541081
119745630
725080112
816088119
1061566876
1676534856
1739196248
504903101
204482674
763025701
1427967294
1238908893
538559117
1557178580
554533434
1802957535
882210792
1976115825
394160106
1378925862
1610779949
873344597
1167628938
539327849
121323123
365267196
1369546283
2076293898
1773217306
1510813418
465171947
30274739
1630559048
1190252059
846362859
544642277
719303267
438075459
1049545378
923785941
1201101160
330029025
15211186
1739660278
1887207605
569744620
1395134165
621934749
398376798
1789294271
2000860611
2009156747
515155221
1021005902
401000948
636478344
1386273098
1770547231
565288595
1012006756
1133877001
1030460542
1042281496
616952402
73228953
1888644355
1161594679
792532220
179236166
63656409
1716318161
1380337326
393685434
1731529347
972513956
133409392
153790320
220164473
755344141
552167118
2009458745
608721105
413840217
377130318
1629727007
814841165
1013608662
868516457
437904748
1578897257
1880523214
1571781750
461874151
775321062
41250504
535103104
516481769
1202845183
1327635324
695717935
1266501592
896469837
2076055261
1660187027
480515537
901085570
1793596419
634305857
1121250043
401456912
1186472975
983225140
1010178017
1600313192
1360355458
492421376
267670709
226480473
1360937834
705575457
1805377730
1093977400
129873559
119768234
1869298462
171124063
654871338
238296583
1373969246
1982506663
934014518
492987191
731492852
862586131
5690570
1212008389
1763671701
1799286989
1846314246
737438097
53260253
885303573
1720663237
1063438271
338133117
933535048
1555859647
605803826
1160015521
769313833
1311379284
817909603
1863291233
1441252843
937677837
1585106047
1612376907
1592549176
1823402630
838862505
1427572191
609933500
1331849696
11581395
1472519632
1337540266
1223589785
1088707685
989343607
922420383
1826145782
1042603861
1807723957
1399325372
2106042132
2145857074
185376772
1514418131
604177253
1345392293
136248317
1915556537
15818248
1999539550
1209325732
953496086
1437161950
674218991
398561614
1113080932
1513081497
1826133805
1723014433
697447545
1837715200
1048050417
2034987812
913821337
2136758102
876847771
1836241721
1815420237
1919451632
1496482030
1067261961
1878010116
1494855456
1252638733
1244944600
2099032709
450547378
1381192917
1867105598
466365626
1233248819
928947683
1419861712
522927121
1603166674
1818423326
1636008054
968764523
1497073483
1211538839
1666212069
1187305036
112105608
1553716233
2101126373
101380062
283080356
1789884446
1916800299
55048341
1138882828
836578612
1933058457
486254637
2089217345
1030519409
437803698
392281075
264228678
157425649
858646702
1497477498
1086373332
131024766
2020404619
542056358
1949448093
1508929025
1510820882
1299037928
572984216
1029549303
338859316
685089824
435781888
292502042
786469887
718862244
2082386488
555786538
773910585
1073785669
1392365151
559485395
1560040306
1334098848
1590004804
1997844004
1726379924
1854233483
7786005
437542978
1204227333
1094159337
568567744
1077148304
1636215696
370532189
438593682
999552930
1669570118
1011577898
2029102233
2008429434
1696667723
317400473
153447828
335653962
1036262717
88350669
891440500
1810173303
1162136338
136322003
222175050
574692996
1470420852
1812179854
425053352
1049317128
1518929689
432839358
1486860106
575673374
1526998695
2055427850
1652821679
1015730743
278476392
2091415361
2015283673
1948046510
955509611
1896902258
1808992296
504693686
66819083
1962440125
840347648
1103081801
2050790794
1731788149
765771456
1065443484
1868110152
987946506
1640136480
1191047356
652642712
2065189832
92880836
24088754
350545542
1579740942
599762128
1877544238
1487685145
105100159
745791333
1766161537
49031872
613591359
1566724399
1004541484
363009969
1228233047
1509235170
429829053
1043189524
202099171
1532910854
946496670
1933887320
151198662
2011940154
1654513824
1139145168
1504592986
698077533
1791787880
1422299171
790958369
1815876634
1772844713
223215664
268155115
1502905303
1710900809
373255274
101212989
1329578698
422287147
714804348
748819449
1426828631
1077814317
1977052496
788580153
1507643370
872758373
990679324
893070576
1819255043
777082996
1044269238
1683711550
284113173
35930758
1040820888
982190706
1827718639
315636411
1773149075
1496111625
2088481125
1996364739
1764266740
1443902780
1559781900
2137522015
1545115769
741876950
412325514
112436469
1490696399
1839154145
1190250787
1320265248
480250650
550410509
45539973
1470929975
1443481086
1864795016
100529323
340266676
1401022918
384642496
376197435
294360159
1366833202
56432426
609996570
992498630
1552544051
550994047
841379721
1169327144
1994896828
253677974
1159365511
1392528949
995554924
1571691025
1504965419
338767676
1263361522
547732558
1659032924
1743612172
1098143067
1704572897
1067058499
394140505
1421884265
1167587823
734407182
675423536
1552230319
1110604617
969783695
771579874
1167037043
1579780265
1764078504
572097446
2130774313
457974577
1741424590
1978187493
711652551
753306453
1223232794
1707207476
177513830
580714565
2045975152
1440875352
1128447123
1557524428
1037003877
79106543
1114613677
2104062376
473247048
389014294
1124166551
1207654230
1064437830
528913223
170775199
2034221525
1300493097
1337812242
1466518143
917087953
1909909689
1449808808
1375062530
1503850631
1280512653
2086715082
109673437
356261799
1646438910
287187267
936976365
1544930414
1728062620
2065423488
954971194
617582849
2144530031
2069584871
574161577
470293432
311115517
1698328129
1677947662
1375553348
79757704
1848722862
1262291225
1380250801
1039051456
581325720
149855106
801477497
2031134528
1524917636
157844481
1164163533
1464149070
267517918
1520425333
963104332
554705185
309918050
360551098
135284157
227857890
1315522292
752867006
224904274
1237623515
1327028584
695197706
1548739033
877873065
225661720
776808733
957630769
2074384582
2039099958
190397922
965952391
472942031
340253028
1767429888
356592911
1865170664
1925274369
1520756445
1181836087
45308639
893698130
2144940419
600013825
1203616180
358007870
735297982
1431474070
1673530162
1488164989
1656378344
763670030
667709925
204092402
164925415
1545582990
429754123
941734148
355730111
356655057
833350458
546128033
1322607448
1306292489
886381061
942553689
1662885401
604068077
720344410
1036158198
1785904164
765653050
1929856328
1783360936
1365666875
985988860
2141368806
2100964857
269979282
1667415320
1441646198
1926357627
283601702
2109356123
2130450029
448527117
1507455465
412720504
1390261265
1863185576
769375562
76128076
261829961
2091983010
1382420565
1148211022
887053051
897822318
1752279100
1607397462
1933980516
1390699616
225566864
1716353196
1026576904
1591233739
554858408
1020462062
1544714948
824837691
540393735
838877499
603711670
823995437
800749974
586678051
1272522555
160721792
999398556
515300172
2023907368
1768774118
591428248
138253682
1713273480
1973848814
1286464704
452842884
724187484
891260156
2060240346
510684353
134476125
138323562
79553901
1161053029
1729557301
634412310
34031444
1126788601
1459250001
574425179
1965666100
2062961671
1398420616
618932427
502156074
523459523
779654219
1501554630
1038759696
656077939
1122845100
1630187944
794331621
688634933
1456553110
2080796326
1141477817
33256947
824572834
1054234515
543941300
959048959
1192558077
623495201
2120101989
774631730
1257907511
6649785
1901420331
569673864
581074964
1719602784
485151887
1979495580
191051563
987307962
355471456
970705782
341378944
1394231152
1626783721
1464224045
876935448
273631695
5375330
186004911
206944373
1146853147
219261858
1031517207
53604014
763203158
1990566167
1246162091
1386698359
1963184508
2020793821
497122223
1969834293
1774730504
1066796087
403425609
1346849640
1551947975
235437541
1537901203
391772289
590908997
361123337
733151233
1985140149
1987907059
49891630
714591950
114055106
55266960
900596861
320999479
1202120107
1119858719
1352516686
1255724121
1883061877
1195599205
354402564
1122276588
1011300065
227712737
1619398811
833650710
2002443242
538711251
1237076319
1201809234
2090659226
1472513861
592226790
334947867
2063422858
953350127
1068099100
1901079360
793773538
1117990731
468187662
907828644
1173257691
1368784523
1228828123
227894151
341159594
433861162
1483618272
76737823
1629460367
1838020837
1199014411
493276785
2065733574
670929575
1326927495
1920693168
1209640826
416520167
975018755
1152816404
1889034028
1567245545
1487764271
1804973238
373112024
408379723
1558568950
1166885563
1526370454
2026756612
2074714207
552144498
1248057487
1156058683
780038649
1589217081
1589919845
116173273
1665954904
1071896564
1954194110
717485668
1565173349
1872444037
1388415243
744617197
1645653557
450572421
1161137364
473188664
1603388825
902687744
2040434209
943669448
560177334
266062586
1352049171
2118746285
1432948149
730935978
1998019249
1360178708
1283080476
1098593089
368753743
2063119125
540326522
1958673588
31808750
58797779
883086505
1986002861
776283447
300776206
1710963250
17215042
1045393403
1209133159
467787463
59047119
1682321824
2071176288
961734863
1575272385
867362088
1521912198
1841334971
71927611
1493174835
1126799472
802863589
1343710436
339494533
2085944065
294819877
708248276
2001579542
835146400
519438217
2033388293
893944179
1402524722
1871907506
1670227626
1703300928
1435387108
1687442668
601210684
497036619
7746483
660257803
31874795
2078922771
1621992667
1607147181
798801211
996421217
1300998504
870728822
342112404
280314329
1673592412
1685822840
619808862
1612052829
1980642718
1328057138
1466148724
668305470
1847495355
1352053369
1562249649
1102536429
1076477227
1084993627
658353710
364380687
624952647
1259564394
861417306
632699130
1919822197
893292102
564138253
1394331216
352955635
1362939464
243268785
1653954139
86184638
585381189
1934268468
1759777050
123720382
406593682
1224346232
2104363100
1734650821
543011308
625184922
1434662528
1895064677
39950923
389715310
824058256
1124944550
1048069020
1188438943
1749897197
160149766
2049856249
235112679
2079971963
795664703
799250932
1326819532
1148620338
14706748
1570088317
655090830
100891386
7985859
441875650
1860668437
131706241
848469333
937531021
88585693
435636506
1480542329
713770615
1870299034
1228123358
753721538
112530696
2052181614
1878666088
1160599716
1093136909
1481079637
1320749482
995509510
1716192316
1253237798
1791174214
367959600
432573682
792310904
382666348
2002661999
1447401734
483557734
2010647858
1889277385
196742523
2142354099
590263070
1134273544
83456144
1025899576
467332225
797226759
748714962
1695455583
1550948297
861245659
1600153549
1282130737
2021845375
545806810
615726726
1195111210
1541316321
184435394
300865360
1185006887
552394994
733439042
1977317791
935061342
588617393
1277235878
1418619077
451781604
1019029615
1615361600
446652055
1609292685
602151497
530108200
487708613
1069483722
1327334959
1236423575
617455658
730799609
2097669234
70125559
2012930346
1972030962
615932370
481173425
1019658524
9765043
665608819
1320523884
1194771930
1218003814
2053962926
1024606073
5581508
495096671
154358303
1424200585
946878275
1173387918
892078538
1393530331
635196955
1494230035
1923638531
1122905568
416230109
1103489842
211845496
1033685767
1834289451
162031082
1103811327
1699736150
2134062044
1719743697
33425927
1006236920
1729508740
699034746
179277156
776797022
1917038560
85756434
1801403095
1922620069
580853106
1955761399
1199337006
1527731381
981665669
2091415544
773778064
1616862625
1438161931
549932947
592284545
1854392041
1653422790
804130041
740594160
1340228593
966161124
1844405487
892481095
952739520
1416665536
925907022
1958976441
998690628
1624941769
2138253597
1775487650
1394496681
76526384
1429407098
1169633102
657379490
1237684849
221486461
37627223
71866870
165418357
811405288
1688729495
1603580289
1361338235
133530393
1310488682
867277377
937660434
2051082842
60022323
1903821558
1748004682
952503418
709077431
1017186570
1878410441
520570224
2015877199
1355868562
511340173
1643881201
602881595
587866557
925804651
1772514698
1245246047
16005852
1994001159
1282873271
87872723
11935868
2094278559
1776602218
1615516157
1308133146
1910132611
778521191
27926876
700309398
682120386
87949199
456647308
282641420
1040452617
1165724739
1299827990
771379410
1686294963
1168221541
2127247972
50151489
664619095
582645920
638018046
1590423746
207676970
1883264094
1606429599
54194481
1018653717
1694302322
66130349
965448628
1323420892
1681646507
126098126
1086069856
312684050
154025002
1786379254
994804436
241974201
95542914
1277445856
1282426819
1261267654
429790199
2053806229
800078969
1598011740
2033570554
850230458
115147187
468732826
1488248505
1705570934
676409796
1224028951
1164516885
730604277
95199020
711335559
796734626
1060647648
2034756451
330897485
1186745774
973342659
643581536
1340770777
612238265
1638385972
1582744978
707781180
768348181
717688149
1969048834
1198138380
624010731
621644155
648666472
510097637
1471874614
763813660
978830463
812639471
321900946
1655240259
2036668422
1486417831
238360888
2131867442
50269742
1035095514
1045031442
2085026193
1365993000
84293568
910885205
2009574536
1425064345
1523123470
1500476860
860325676
83421002
121341393
1578013825
2052469836
1319479773
54540908
526630344
1968146246
564638545
1998504958
584476258
1543469008
663660781
906377204
1051225619
552845555
245311387
1289586507
537229349
295581129
177198374
1582260791
233123674
1543191374
1666554359
1144008879
1405282262
944135057
519648702
758275474
1804460733
603069704
879616868
1234990910
508055893
51612993
1289531819
1034686237
2019759239
1854170364
885707547
456751849
1250155725
1549368328
1363129053
153897696
2102213883
1608440440
1443484204
491959584
1904021569
1620682578
2074220375
2137145244
1016390304
1593291086
1133670475
274188918
389942495
1653319177
1032464392
46919580
108905234
1912081260
1281910491
616961127
1963694254
423958662
1651647364
1835969845
130645378
389871263
145238047
1380801103
1939239591
1508367100
1534698800
1893969826
969323893
830699356
238445762
725861814
303898286
165182489
715523410
1320288590
1758473575
1849193886
1594477508
932423
1355029415
479458252
47852003
1463934649
244055865
1329762494
2080895776
60266471
1753721156
1585059492
1896236316
1884366535
1974930755
2041474363
1117683990
1766686698
1402357816
504899142
1513172876
224198061
1335598498
1751618638
950059875
1639496784
1916801127
1665583286
812301726
1527791055
1367293524
259295586
1528723478
574839291
738753839
1576575481
2038773941
982809704
758854328
1972186069
1043076175
365091836
1409761914
791828843
101974723
1237209021
685819559
1219658714
856412072
2088177375
1724557856
222101300
164891788
912672707
1973719939
1114951663
404685843
1743037418
633051301
1216987570
1123344825
2000344825
1476283156
504584655
427700469
67553347
2081160137
318990762
1050363051
692530817
143693183
2093439226
1057622653
1553455097
737784422
1159597377
643180471
1423603981
231772443
1499592543
1364297708
1956330299
1721693843
1529189496
721519358
1547930134
496657511
1126205202
1143483905
1129708813
195709124
119345082
982569990
1671992280
623929738
1410270459
1739545628
557606227
1729261221
642425031
1250137044
1872954405
588380610
160276049
1278925854
1326165032
1319873426
1922106325
602285365
1551645869
1274215220
1966583073
1360492521
848425416
1348288921
2082011879
248871902
1844946432
1060733433
1392355807
827171597
1256442557
1511700890
1809741588
780951190
2135630628
1072528399
373013170
545753207
654305973
1015438201
1795890251
379776730
1603818811
1956166300
1658702584
782500195
1128556079
1433325262
1384785560
532718300
560056834
1203884985
1893210821
1408482250
404690258
1827739053
1657354153
102153043
740988838
902226312
929324640
1997431396
266443554
591582580
630898938
254590534
1664110980
1003912108
800343741
170933305
2019350309
448750344
550710035
1475685473
257432997
61928971
110702020
1385989076
1495254233
1495487581
1918707376
2055311068
551888918
1664434550
1316309670
956579177
1344689955
826180175
1058732220
2085678793
1728406488
1988056860
1935626541
1994850042
432155793
419041831
101956929
2096266773
1422953939
902300670
119716430
1294820601
1351051015
670426465
623022426
1608484012
732355436
733724446
846989440
80126022
81728379
618213168
2135437090
633617298
135164070
1304263112
1590196475
1479854025
2130443288
501445047
1418049171
1711366128
342018259
1206192064
1558732522
774174052
1625233896
1660689451
722957177
900704187
415506474
842673607
48041140
1766557489
1513100072
671063566
1227557853
97971861
1404788013
2074547293
178097883
1486516392
545276813
166051325
2120133690
680440884
1470314437
1562846517
12811261
1453274077
2064291564
1430860432
1017156557
258826176
489568849
428405432
1033000228
2114802745
2089094883
1755957406
868023284
357117709
451147365
916064425
2123675198
1964247438
1587127991
1203749403
2062219299
844432356
1130813048
92833534
183465101
1676089862
258884859
156115143
209047098
1729199296
1718961661
221858359
1034989726
1635769577
1652718792
2052146283
1894595753
2142287641
333068067
780112334
2109606738
274679303
388586092
830146374
631797012
839733457
1746210799
607988563
656497247
1185855143
1811737966
571232898
2030287499
795067367
664066432
66268952
323673581
922951291
222384096
532720679
504666940
1941345757
754579038
1539656666
1429631686
259814182
1444319301
1176743792
254618175
1777387369
1956856126
216741265
2052066672
197958570
1046887640
536380036
1037692027
645614791
1144368599
1694189275
1831469934
808622918
117938525
1714273786
1603690285
782004958
1780542738
1927363866
1704956249
2002926834
312600897
62139541
1796788943
1067179935
1601796207
1078936982
1326994118
898631861
108197126
1581612293
528535582
2065053252
1798353559
433118606
115528174
697757551
969498642
1153220201
1343372342
2113867242
699925828
1027358629
775006512
817864354
594148767
231213149
1599869312
227207857
11093367
1157341913
82651044
323694264
1219481455
1879439987
1390874199
673794014
810893321
570384669
1572425875
919090447
4513315
2100961457
836660051
1802866874
386596415
952188225
353140777
1356095058
2105408427
1696513119
1322478652
657850607
576388100
2097485164
1475714961
1170536867
181214665
928100625
1397744725
192308032
2085442539
1480395769
516002296
1157440346
1212352108
1906876495
1831234360
2023245430
329777517
1256176588
794852229
334290832
1209654397
1631512281
2137157706
1596250813
436216858
342814835
804862223
394141637
2039327954
2127340875
1051992245
468232407
2077342391
380223558
1638769274
111073408
1308324184
889030351
303381440
1246283075
221942472
819383736
256239773
1434294581
578776583
2087474133
1310056363
908554100
1196167073
2104908592
1242844932
258337823
1588937225
1232518990
1854588636
2025154084
1575333825
511967211
271812073
1467178132
491824438
1323804318
1935410539
421683181
1704027877
1426696165
532756589
864868413
168242869
836138029
2111151488
390185341
1655521765
219907613
1824479922
86814700
159898098
987052637
995368801
1356065172
944477582
90730085
1614402995
385931159
1323249076
1321507983
263601595
751099253
1833475194
535413669
70793737
177815984
1859217987
2006204276
599499165
1415762216
1285416794
1132255754
133146981
1453659663
1968393783
96814821
1843845004
1476431900
316722434
1520841279
1563246600
476620533
360410268
411131753
1832685705
1304887850
501861839
1299605052
1690819010
1825110915
473629387
1954420605
428726520
159620933
342350626
499520258
337436917
54084966
358240886
936936082
1469847182
1643657680
2069191836
1602994164
949833695
1890101971
1699808985
646195052
1219050223
2016531420
19552683
634813175
345668305
379962951
1045944929
30870362
1684850802
1547806768
1330475414
1228186164
1225434035
1804104801
1035123121
1654160555
1963725734
1377473748
6197165
153679003
1431558714
364438052
1090615085
753922248
2008095732
1012323273
209432764
810445780
754941596
1909241750
1456640832
1973991819
1778289522
1476193515
461321346
2123957827
1856156466
1507266275
7344541
1393523620
907589395
1337819955
474226136
2133023430
994441108
1509349258
1639700338
810683194
739339358
1645897503
964362197
23414424
2010335555
2054977282
777336672
1870947640
919816907
986769437
533909772
1674758503
748527539
1990550604
1501266674
379333413
1319260471
1962588020
355807592
1027933289
1322370648
363152133
273973262
82476395
1700972088
748199398
68016178
547929548
110065008
1707716516
1358612742
849404366
1206130371
175491291
872818790
1068982279
82984925
1650155463
792446271
1002801832
489441252
1326356043
530076687
1237968791
1169422999
2031343361
1617302204
341199822
1846447733
1973109796
1369133111
1021334733
188778281
1643106373
1103811129
1889750369
243822124
1171827307
290196269
353887132
732060175
1648809011
1203291499
1938190546
1824300302
2076110289
859689177
1907285227
1578782104
1652135448
762603411
2068223356
831007843
1292680098
1158708499
2000430842
1176539811
628527055
194147016
875503896
454153203
1563280128
1896838630
642931484
1058902853
853166111
385198205
1302724977
2024993418
675394474
1656612110
609569945
176719837
712419961
400276843
2001020139
641046602
1259966021
1760821718
72345059
764617821
375941481
2140568415
1595625665
1668621579
1151793267
1448572859
697677742
1780320322
1642719876
1573181639
86989878
1058516356
1322536621
729921362
2117419209
28219084
1115119568
1272660539
2053212502
1790514042
781789001
515298799
1967233880
1494208962
915575642
1820770371
2135255564
28058015
1434108442
60116975
792675837
1810049923
53201743
240817854
1331187855
1204995010
1689390713
2028865597
837831684
1184626941
1454563588
924821562
95659649
629616561
1654742925
65595211
657835645
622378845
1338255750
563564499
265409239
2120044751
1078863298
85159471
1466770065
1994438941
1905929843
1454541981
2022496956
1192554637
1514658957
667689145
855120912
1567860700
908506999
38825119
625372062
450414065
2067690717
1463203746
1635041006
1374770657
240541661
1730700656
2004387219
1895284586
1796295867
514739216
370179783
987067969
1078303716
635589022
959629072
9683366
720748494
278915489
2004122307
479194689
1733457470
1879135616
1671749326
1100632779
399341113
379386590
521009831
1307848113
418211710
1146381893
1758262178
338418779
462101992
1245819536
1713189436
702643653
829036544
1570093007
450444591
477848763
2084832224
820624374
1464916732
1015652292
1456213396
277062156
1025335658
29478242
555977645
881974318
508672931
141951468
613626286
32938609
1242584247
1012967399
412325200
1763594079
173331864
830536910
762492324
1931594042
1168955689
1224594316
1029929931
734661477
1927237969
1858966475
157270837
230198912
189331591
94619413
1050823286
1654248323
1110271705
359553035
1931310480
2135607363
389031277
339804477
870098033
897704209
481755945
1483724319
930642818
1724340193
349208071
1342968018
1340450624
522539935
26021280
2102942948
306650330
1194976969
1180053617
1336580261
1929638447
959807938
1048063088
2086909284
1190006851
1237394679
34045049
93346489
744159355
1144316754
452899524
527986187
1132440469
841930802
867790664
2002538503
1739635011
1349546610
1338779174
522794181
926403155
1687987245
1865762200
119370131
63043533
1891783480
74829431
369693863
939276802
1254883048
1706274124
721431601
67207339
606853564
660857237
1257214190
1844248244
694902286
1350560679
440923951
1839219040
1803460204
968910138
824175861
497907358
1836700802
679230716
90058721
1038763764
2018009891
612852902
1965166919
1558513488
331131454
2084537050
1621557021
75431287
11882834
1991250884
1014708089
1266765882
1550041360
1736139690
1333973221
9411277
249513279
443703763
1853659521
944415565
1794264443
147099824
636150957
1450240999
1116009962
1460326818
1948148357
805227116
2139557535
2038207078
1843990881
2010083778
503576332
1661674152
1421113618
834707787
1598727555
895186992
910139074
1610610389
738954228
1924847163
729892623
141511941
1513503205
2063865845
150923218
1763016484
360085960
2004582739
559948401
6866755
4198915
1196099358
1457107754
1120208877
508942528
1257772463
1925435993
501016415
1148495893
1621943226
363616545
1652072226
1136133731
1784730164
339296365
587377638
532433508
1249435439
50504379
1271387736
1026798954
780397002
1412899677
392818511
696779199
1563822895
8351347
1056865160
1420921986
568299748
1063731915
1425120901
1764399106
373356022
397846130
125857986
1631128485
175798476
626874402
632140731
1797741702
990490947
136729309
786391785
627737463
476025674
1373769423
1160170971
1725461113
1424273802
284075060
604776419
57187157
1696974737
997594930
753966356
1113313985
1005946277
1810831516
386752323
1574246025
727079784
1811873225
1191161483
1100435806
62235707
1317019469
584080643
238034183
1943893871
1216221374
2035775886
786901171
1352950683
674684023
1414638634
1828976357
2048453447
427325958
1406953822
1325243601
711401018
2011730241
1382430758
260892107
861841523
2136397115
1374206092
1867787800
1799744983
1760958416
1294550177
379341119
1425347993
338228012
1479776925
1487583700
1655247482
2063857569
1725617884
1451657705
1132595295
1613910122
91075228
338062331
141110497
1505713863
19555040
42080296
1933039821
1426508863
1367323898
496957191
1290755456
602271008
757849298
5113332
591184475
2132055391
1872901132
243445811
1745530159
1019967662
622786930
1023394504
1358195674
2102563856
363494556
865959508
2018937777
2089112440
170133566
1004049424
1555538914
261208794
1342111755
1696649412
1766922657
1361666796
1738729708
1552478830
640692011
958569958
2049436021
1931447467
1560840967
659801672
1936560799
4541794
644373415
1661978284
247987605
242419926
534462298
870774536
1265814430
1892657972
825854744
1629308986
611133833
697308873
1570937779
781267399
1701358297
978993045
1042476193
895986405
528158809
661915203
110169553
119404870
66910385
750861564
1077974828
2116346407
534825383
491332147
628664431
323902535
495873942
1273037846
1985880819
743861547
1515457772
372859469
1614636083
633788554
118033793
293007179
115613892
729167626
990316052
1686551671
1510435025
544190702
518061069
405427571
1440177107
1046219878
1067342774
1550346660
1165624748
1134253159
153724576
96115929
1103115918
688549959
587448076
1731780349
1012452494
1083322018
857334547
850849665
1827183566
225308671
1223709134
1294336001
859097225
1341742928
1587343181
974711118
2070910554
430175585
513779141
1433861932
974366287
1031840210
1839289503
267059746
2078060089
759148629
1817406406
1096201189
1893401788
1971130982
1192317118
849034059
512197294
1779765195
433330760
1524649788
715603565
1290665308
228015806
395303483
1515973979
1451724940
1689639485
227587557
645984220
1129499018
1202298675
569411127
1559674603
1716077816
2003273059
386557243
600434379
1695078914
653616989
531010820
306743895
323539748
1627212009
52662035
147187082
672045480
901696094
659384376
304327027
1335026855
36550517
1019930592
478208515
264566323
1415234076
1994182494
1716291263
957389913
74286403
214791836
2086888931
1276585078
784202963
1499079886
845179247
639992374
1885637129
1445613626
187587640
391770471
1976624446
494331535
715310219
1456352807
546993570
862497301
2128398287
1448689665
1521881678
285241666
636232872
1558432195
1305172259
1114441387
1822998518
572922687
961140233
1391806133
1530312600
1035426637
1606597969
1469717883
164528067
243317284
821314121
1009707314
883309658
559467603
307837292
1070897298
951238074
136978090
1565228833
1666548293
1593330898
2112222404
381561946
1574245537
1413428421
1903443624
1859487204
2049661293
1314392171
1017175815
1016619032
989907041
1590098502
1977759265
234229527
972927454
865702254
1840827496
295161689
1030230322
2084144781
1116475810
2039937636
819970791
1675943413
200291281
1890868090
479697839
337269371
1308613275
2146246132
1930600269
1273352031
380324431
1357362159
539296804
136284407
1069365715
441474449
1450676579
2086541530
1458093481
293099972
1529156384
1288369099
527329499
354600190
6587705
220673348
649761879
1036818027
157334481
1766237689
929272016
977305272
1294697455
1129563297
720689714
1774395294
1466832668
2029302990
1773157779
1249949290
1155171373
5998562
459827801
1694468178
142282969
1529193516
2135942627
1592959548
1468251398
1446552461
1886059521
849924134
587437912
265905372
1204524324
594025617
486578720
1854286203
1630843645
643913201
1473040244
412632013
1621218474
620254051
1542195310
194424540
247165698
861544330
76243882
2020323477
2111493620
1231415256
2026322039
423837773
778399786
21121360
1953031289
766858765
1614080909
1273799039
65927578
1352656782
2123723173
653365490
1618562154
1180763849
1247391108
2105140875
887566404
730751105
601570428
213123001
1143383118
75305254
833377052
538094780
269729795
1080542750
1399639110
345973677
953382579
1363649083
1577388933
832220970
1787486856
208305071
853342331
1593034498
975163837
319939592
719349889
1041091415
1672596374
695589415
1694456906
1143674880
1876353264
794364366
1101332107
616436021
1525115471
1702902536
829559022
521014941
1778207790
1662936074
1059109721
2047937585
595995177
311265183
246427615
1549377756
1674914266
1823816548
234115079
1314917475
2032121620
1087457410
760468325
859801809
1407397002
1479818214
1900893224
932509728
27923981
1447866482
2076184608
1904277246
94747200
1030033068
373229619
1619862671
585451956
1202788641
2140877612
216176098
718241067
1052503685
116630036
1314236244
1363768869
363057651
716130353
891199487
39390551
950245432
58633314
2071512171
2037702842
819101639
783830332
1297616196
151436206
537239909
82642276
179360187
1985106391
11343236
2083637433
2079853592
1041376304
309383404
1552232615
1626828260
1512172045
1545626580
1843004359
82929465
450646617
1959634395
1397165709
1814415486
175208398
2113296062
558131326
214598949
916057846
616764640
138627473
806277040
1435866280
922457805
2103893236
1587302486
1459697714
39051864
1766662673
1297320458
50395101
1702816459
1229690402
1091771405
2012199863
634439369
571116018
1376888261
32582301
266636729
1459817726
483228919
78787476
709499787
150160757
253995874
675312202
708292083
468594823
1591370048
1325056724
607222296
250163441
613439356
1529680102
206573029
53258194
841894168
245624894
1819920867
2139214626
296019995
1375253678
1221421380
1387791400
1239969894
1855860750
1958907418
469374507
1888443051
78060499
1929192233
224188322
156847975
491208372
374349080
410843849
1166520574
1082641163
879438673
610406975
260214239
1486660969
860570416
873653595
868857423
1067143445
926911789
1710751592
1312768339
599349009
1702482570
1608788334
1974602687
776420303
849096087
1067088933
484797405
660519857
1536463440
225756808
738580357
1318172025
449945131
895428332
1809380398
824294211
1306272182
828417324
1906935374
38227207
1438824299
19665966
1524888176
151911067
893319561
246261952
1219054513
1820231351
1957013544
384339204
272096712
1512012466
1993127539
99215751
140949121
694739978
1166304685
625746526
1355259835
555284477
851503335
2093840192
1873456503
1301448466
841784877
1535353253
2125742677
573411
216286929
1885194403
38800618
1655111229
1904860369
1563688794
1807022296
650696283
1809950746
878593161
323443986
1619480642
1262932366
595540698
984009461
1108576257
694756449
1124958582
1803316235
1861061134
1750705109
1011092422
268861964
454724796
957448967
2142318467
1756173262
1799233844
1530188072
1734432291
1799807255
1746475001
1472143046
1838607873
1254102582
1229519768
1254813019
913641231
1880216051
917280118
1792234392
56176389
389277112
907683110
651717087
1373286573
2016259367
1346473536
350761508
1672091954
1060051023
2101466617
535700729
1328912987
408707765
1493149696
1323747806
17397379
1144899892
706452230
1751829670
797223499
305443583
1076489068
488347724
1559546166
158525188
1743160743
325703749
2038741239
512957213
2117938141
2094917628
902234326
878137604
599151067
128037251
746913323
1945624604
478798759
271521630
858191979
432781728
807222359
39621318
841489493
152888407
1363369124
858886872
1297788299
2069821354
463232894
2095011798
227781289
1539721963
435875874
1787327455
1698247151
31552969
2113031204
1589504743
544510183
2083485698
1536938723
1446744509
814139654
2136089791
1574781760
1561052977
1934230747
2053580520
1832574607
644939078
338878600
492313318
684560396
1180368094
645201725
2047929520
2039254966
1942990024
1970267226
355004213
1890518174
50564867
1894726176
178910400
1837892323
1445489679
210463370
1803439879
887510774
754973553
1739441929
276965850
54234414
406097935
265571993
1629016174
1967150913
52319092
1535113046
1652241872
697258170
1873991647
2144555191
1381818566
906876093
642273268
1282264438
798647411
437779645
1105048016
1153651624
180814171
1155612883
900894152
359724572
846021558
198900184
570187942
501977790
1086410958
1325161495
93936071
1363376808
1379395909
500034007
1628948801
860928435
319701272
1681267893
248557834
1971943144
231042415
2122549481
1969014687
1612860981
881941926
463804308
747641771
1680589337
901583953
1852689787
686757314
1082398124
860819023
1587651466
1442122696
1706840581
1786551650
2012310638
61334723
725478961
1189988485
155270795
2088855769
421900746
655304802
1570320923
1282829182
975006074
1104105168
1531387016
799465570
1335147584
1506452849
620996610
800524917
240911127
1084800918
1548166689
1921500464
1986384871
1253372828
460774130
921299347
2114191851
2048425597
215938396
1673548785
1687493599
80765386
1734883508
