5000
1095448138
69351699
2019158785
10795668
229795001
260794249
1414354575
566228929
634963444
1392534356
2125339533
729555314
395677949
1178022458
53745108
773379906
356061993
691560852
1900438228
626846616
1635116164
209664014
1128904162
660233772
1170940651
1481396859
1021481623
571000604
1287806147
1416151944
689730423
235770637
1485503643
561405561
246566305
1715298645
822199810
1660920881
134043926
1457163254
905971589
111899812
39234920
1301649539
1289922270
92980029
2075029445
1645984264
784540881
1827984025
125347232
272173397
2037648039
1254251395
932407169
1061105043
588164606
1953888793
1632105647
1875970754
1222557089
174352423
2111741391
560577084
735757984
210824049
128392081
1557957794
1871744930
262436008
867637400
630232871
374335820
906872320
1931882410
1664258090
999852349
1859428207
1162758706
1784393231
1539928585
1288105939
2056566628
1430092976
394873686
841490150
343714371
983038292
647895295
1975820019
711525398
1870452384
2688794
675783142
283545820
738446778
886607191
411937902
148920924
610868473
674373910
1016558324
1241101344
1048709730
1923430644
1025500107
565484172
775799346
737444666
1728242879
412708929
129889603
868865170
321791909
1559982580
1263738856
1163282059
1903696951
99293500
1811177354
1732033322
810818899
1534146090
1734722116
1486602041
1817691911
325685246
225725584
82146165
474606170
836594057
756520075
1491164494
2077695401
1805229805
1267111491
955711860
223230329
2042910837
1693156527
1951473208
308136118
1823046130
672854730
629928027
1235545062
1936593586
1793210087
991758366
2035887087
1456903793
576308040
699222338
843566236
163546509
38340731
513774499
489231755
264066315
595920664
963837926
1100660372
1352440739
307518772
1030872125
1010186896
1574630263
1986583986
1233417225
1470057452
1532256865
1037406786
1778193570
1207819347
1710261516
260637950
295880762
1499371455
2053848037
1287639128
1387774894
1363268182
1863947168
2086997232
59350770
2027493677
2125337963
573125269
369241785
241920630
1169045933
1333079711
1342581002
374003024
1640598483
225969479
1384189920
1067745099
65069817
470123498
390318903
1597326682
1507530284
21028826
657662382
1070308152
281666776
953543144
422195959
188031165
93698624
1809970853
1551299347
1957645792
1749484437
1610650118
1837655822
1727338752
36291739
59413959
1969259382
1205337673
1392493670
1164356736
1579340697
885608505
1390326216
816046970
1953353604
1455396033
1286170468
196188860
905239068
646217104
217217686
1562901450
1716525256
498884462
368960946
2138721216
686915627
462659570
1801208421
90731326
272821714
1403209211
1701381444
2110477536
983064315
1737673184
22407847
804840050
795527209
1414901517
1969196786
227384258
153026375
1212039354
1043431228
2106379979
519951740
182118048
155085191
1425190808
828335152
372302877
840608610
397376761
871187339
1209569556
388614329
1558102966
1672229126
42339102
1648834293
1945050840
1445548313
1202732089
1908044729
281128981
792921625
1930452576
1085969031
1588448834
1197870446
907682169
1815833093
1350896821
2119721524
711780673
1309793152
492189616
893898722
1464878344
1917380424
1722233874
1837181221
610505386
2119610635
560884913
1820074942
360741316
2118987879
1344820420
403080419
1620338524
1142387612
1848628732
675586966
902948693
2129757713
1468508591
685917622
1068243096
909473778
1883788068
1975925266
577823223
1087201241
1948163142
1289603896
249510745
292869110
36018970
1714389089
62765886
1758252845
1404086663
673271272
1730379832
1964971576
345862566
2091121149
1936475807
1690682986
346717920
1409330684
685586950
47863004
2084917650
1588535644
30137070
1405942593
126969618
1098380166
167932723
2010757686
926821784
745755946
950475279
727501278
2035359843
1199986024
1020370388
2071378813
766891466
1083136274
1682148010
23494481
1756407546
1265044195
1988466057
2102270112
1208681696
1777458216
1645469450
1555399616
1039305252
183572753
1603262620
976739254
1772108397
1633399690
235198200
1899078015
584296209
403130923
1762352053
1511117993
1148886870
565343684
91135624
1036763065
1765329708
1111506012
960658230
384737526
47158639
495322593
408232007
1803566185
1760366788
249214416
1758352650
821564836
2026672633
1256338452
229480804
918494237
1439911205
1832743424
1895233492
1064535954
1318659467
2130431692
816130321
1902955676
386078967
430998726
1266590021
1534965837
996342410
1357725645
424245254
614188471
321748010
1384903485
998925997
368906649
1880226078
1407158005
24989186
1493109218
1656372421
1783341836
167190406
1535561406
892196641
396671210
306571996
184624198
81930986
54321840
1249160153
1400590453
37269884
2065290474
1156062481
423348851
348805553
275168855
1958314689
1345147963
1632894500
235076295
1959336434
1954642510
1619979780
810778784
176065511
1352722210
70453141
201054698
698347780
1726825562
1984396534
865538186
1114903321
729109527
1262209396
1421475317
913733726
1344140383
1475797157
15410231
597247188
1513067041
2080700705
1753309670
1936415892
282022610
2028478525
1747246933
1627170574
1513889377
1982323229
1439023360
1321048240
1454819361
102318496
1497113751
660057924
172771637
1698168449
1358405704
1899597200
1535081336
76460243
867016873
116707215
1338669639
141008542
1030440941
535326374
1616805699
1045851172
1132573563
982389092
979068230
738399585
771321336
1261090840
619394462
371084622
740777766
2133283839
205924203
32317479
1306848431
1660743564
134635975
656478535
173317840
307407613
207163336
1531723545
59521165
1742244672
1608183788
926538038
1858951888
799369779
1067546580
741909181
1334696154
536868631
1787760354
319786069
1519257723
619344936
1058185654
143095411
1880435776
1677580116
514180033
473729895
1663380307
720104236
506047374
822745091
233364153
640683349
1479223626
406681993
948090962
1686386962
1938405538
1007612127
1281147987
1399105678
1934150165
992616227
50991810
854213097
1734525408
1385687964
1391081728
1374802114
1705474033
762855803
1994147050
616176039
905951215
1727099179
146272507
1420131248
53345426
1809652814
2140235485
559392800
484914257
226115990
1200076149
1964137883
632797983
683464
1503041198
423719874
1008295591
636705537
1822825552
794962109
1629321764
1873817362
1649175206
1216363524
1112021678
892773287
443681991
670012063
1655629090
290345393
1286188102
414096657
2017444572
1432460609
1834227906
2070789998
1094629776
1826979743
482699150
1579544033
2053095733
1682775300
1396198269
538410068
1683458764
751755819
962129942
544270707
1388461356
637471847
1339232816
870299472
363805561
840924375
2086662996
1475827240
1733697662
382861339
2145839303
1241843104
673206733
1284543758
1655939762
543167657
569520719
1342684020
466474008
1664150495
1022180115
949173158
1096210881
927792200
484464810
344925502
1466202268
20439926
1096681321
280848563
564710634
337659029
918320410
1903943450
1207958501
1282125971
597384177
1147137849
610469563
183598191
1529999189
608825219
1425441296
55722274
1893368977
933897410
598889931
315406048
129097782
1065363939
1979556544
1151277897
2014537098
928283777
2079070097
351518260
1273209279
1397788717
371958187
222406952
1678637280
936668821
560065981
449474042
693128623
1768024482
1731600014
1290512801
767678683
194585929
1474110992
150194224
803411148
752068640
205916498
549296477
1685966050
804806430
864702526
1815063832
1870170369
696775422
818858081
1737223819
1625059199
750444530
2088742080
750784830
749600
313216619
973191782
1679386880
1249885440
1533257763
2128860923
1943014063
1153798597
1712977289
1086043216
1921477280
1907563218
412670561
2071671505
563490719
1164739201
130104355
1112787196
703221604
934910785
1977489722
370801788
657597507
526781496
1189659870
247337678
4357047
1940104400
188596110
755141877
1940854000
501812729
1728333659
1472757233
1751698169
1114107774
1454134508
1547228585
120422723
1019628149
485788153
2041900004
779707719
898458714
1966087861
1343198438
2063197916
2096192216
308501987
618935872
883619354
138508061
989737660
1541216861
665289558
31913882
1788554539
669646605
1972018283
1977150650
1424788483
1765388635
331479731
1005638494
1090662220
2083177901
2119746269
397313080
1482922838
92685344
1416941229
1968710991
2134585348
49165301
719686058
1953189561
1392363739
635400326
1901898130
1700865726
1254336198
638033836
1839373788
96590210
31767049
357179698
128504093
1820321588
1026826303
2100522376
1649988590
304131138
1718427363
1981468322
1309769633
661605936
1917162575
1282032254
1058919016
1252601765
1374717598
328376598
1073829108
1361819299
377541899
1793515166
1167525212
1769905638
281431844
921939694
1323287717
1535768042
1559973530
1015177857
1632358253
1591740579
1372357555
1760862346
1264578520
251700210
1713901074
767083462
555831349
1284844789
601068136
1865600982
1946450725
370747063
1000149588
857886094
1623348828
227383538
1186262692
549694289
1589202837
1563804591
195725807
609244402
1186226581
477157652
1531184096
362030650
2012925694
943673979
1377208507
1497800299
387930910
602082414
1111178997
1652509430
853782625
677596423
272109245
1409613974
1962441213
873177381
1127731308
1761408290
1243924445
2127880896
471810736
719789625
207780786
1658073428
1269483914
1796983624
1074394371
1465209722
258744378
113137305
1942367374
1789928474
475167955
1807809420
586118805
1852376463
1158126072
974049716
306975229
121821421
479075498
1160757854
799417845
751184743
422888180
614375410
1624362125
1550619488
228300052
720802922
1531016736
700110789
1440592547
1738797523
210700569
562592814
1388297499
1285094941
2027802536
1647041877
1398232246
1822686262
1289486703
1873400201
1483012034
1875605509
1578293016
493654458
702171577
1885268246
615475880
1181247075
898542452
1414893725
1932431819
1321430633
2029269135
1409310296
724566473
110085539
2130113218
108099562
810196328
1423222117
1846897085
1020896898
1985814931
1087710936
158508191
1866133819
587269165
1556740437
1541336433
1876755868
1282656990
876864820
1604877729
713466359
1370519278
159565658
451250957
1985995158
1340812734
1349793409
1253405235
1125760905
523740394
1135190722
387587553
1248306868
1245276262
370217123
1356406430
2055472590
1793439240
1055819867
928885840
1631770524
2143530803
1087394031
1350420695
583316320
496650820
744273481
312588540
1779307811
1621138301
1917466270
345290522
844173931
2077031928
796541479
682685442
1270361014
2146334888
1936090677
248638271
522591635
923797752
636225824
1770898503
21590366
1006442947
979821285
2077062956
652398540
2035641152
858465149
136685416
2031688307
1945859180
1487106111
467520979
295026353
83895944
780109519
2074334164
1705034245
550092141
272141038
401724529
479640422
1068682517
1084409971
1750001436
1067533757
873017000
1998639708
1590125392
1796814752
487381884
1213540247
1818405118
1493824832
45877884
1747984427
2146223372
2081519036
458965928
135425140
1965723695
257341460
1622531251
285761026
552367813
1706427196
1065870546
479218329
1263977793
1615962687
751359367
1665702322
2095603109
1820041884
602628645
1698120898
740091994
1475645646
1549276958
182733738
1124976750
2036658842
1396273986
795898221
1383000026
1442151870
396399000
1381739750
1376187259
855364928
1517164890
1194427306
1112706388
992212494
1480188333
1665074202
551156042
398575231
2144292531
1815133835
2014537918
748168251
1333352510
1962657380
420726487
1935981155
1513294630
1160818481
1264143153
915087940
1343552220
241636256
804263134
592342558
1037534477
39779513
2034494428
1433933477
1421519263
1263198039
141814757
791200506
310141698
1254521145
1783413000
1790330031
772111699
187085394
41421614
768920583
2002219229
2055959532
1517088834
1188088091
1871133264
1937815321
976585599
1236944246
951150155
93245104
4548538
147218727
334881360
808811673
739561285
1372415837
848591186
626572065
658865666
122626801
1889770105
800680423
913827307
52428155
2055201569
549756659
1842758186
679829620
736842053
1884179800
1448750203
591577635
1792655684
818355389
1779665726
1516305301
608687063
608767677
605765899
1559837218
702012782
610314438
1707055945
1036894142
1419126111
299133582
261826332
120233649
925705647
920691998
242860450
667992104
1721372422
1156687758
720420259
1629090343
1706444417
415694797
161436315
295802823
152390949
1610186519
887380458
1945046634
281058260
519562536
1313868287
889745323
1128330214
1919634186
302098893
1830342996
382464976
2009154838
719753490
1801591087
160804772
981579822
1921824736
1086510420
1902271821
17201539
1754502524
1476160595
1173889297
327439136
957767290
732850066
743133933
1119203605
1028652889
895524883
581906476
1916033347
693087869
862964737
288112236
2006956156
1752710060
1416442450
1779106694
2054808954
1099301798
14088023
1916480144
1819055288
1815679110
2077284917
653151463
1590020199
1016311689
407939636
1607221738
623330565
1884100231
633627387
950769701
694383873
1366477453
1693903635
1813587478
247646695
441944870
248010307
16196394
1135032739
1110975044
304308630
994505247
716201456
1720751080
626128293
623526762
672569230
640216316
392523259
344140871
308411779
322324528
997292334
1898431978
1338636217
1405231970
1358170068
1961966782
1141848553
1991797455
765252836
1836232426
1210791260
311672823
1502336256
1458437955
753617693
1750346563
1474634350
1888650432
713837959
1778942980
735672031
1430039416
1352210413
1361800324
2053566178
2024779643
2002016641
298605789
221436866
162944772
620930317
1218729200
2061376750
1959566534
476477522
1272063170
1774049669
1618326075
1116376977
391818857
1307074853
179684589
703491680
661927462
1638122545
1457109373
264790377
965273247
1198276157
978628337
596732579
1933948188
261184105
1948942992
1148264864
167266635
1826238988
1002797857
465872425
2047675854
1165742629
1086802742
1118921407
1079635731
898885629
1595398929
204215253
525451650
1066241357
1320592230
917270507
225832562
1500276820
1620762187
887760024
990915717
930387912
1152550402
1956188964
2128664069
2131178739
405437895
1915128609
244879196
206897240
915909825
412145831
2033136228
1918707683
878018256
1933328434
936966664
1964820999
904766193
2016602396
716222980
352681475
73334001
1241674630
1418922832
1393926232
11461489
1644755394
746719404
1632223676
385031771
1737635121
415127940
1537582173
1546340437
396308361
1521277264
1951778332
163953322
1766156460
11191924
1079863147
30818643
2044328152
851087182
908836900
1830172939
1788053847
726174251
587455484
1657172595
1442397231
940136959
1730506596
536588213
211576143
976949180
548049702
1856331538
1723668584
32789730
93879661
1313820057
447917670
1631461834
712676846
844226031
1005255450
516971531
1008179353
623928262
528163455
2088042500
654746905
425007960
791646035
1563583805
107697251
432216234
142274408
695152735
2089388829
1584671639
1635289695
1672411777
2121259852
1846865838
501877310
521825906
1555713728
78062246
554615636
1649593389
1391882304
1002533306
1133571575
2104559150
1846759337
2138827025
474047033
707455042
615271639
1002210489
648013895
1270018545
1427218449
1439659930
686118702
1534915700
1871876164
828393111
82584787
1813781345
265581102
1717874482
1338709474
239357307
1417256673
1840586784
761183213
825486753
1918649031
1315798850
327596495
1163047687
170848508
1461168070
1120123189
2017607846
1452511448
1594170223
577579240
2067783087
448897064
1225593135
1190317984
1876115513
517769417
1876436687
1263547565
242161933
557346150
1346132352
2055943278
822927252
916523187
1247169105
1062284559
186296212
940272241
1823467773
1011782965
711437624
991782975
1339379460
1874485311
1162631483
653063883
847124853
1032755681
2105575331
293811428
1610334922
2025874770
742708492
688444409
1068709107
471340357
1206213827
797662146
1734887922
1448375760
1355008296
933536626
1356835391
30451900
1850059813
456520848
1092736460
2036356025
1396793089
768720585
900655343
2108230714
1760503560
92551155
1835232377
775651395
745615038
534873582
1808407077
703706721
828685010
1271258351
582097844
1571393502
1959702760
1650806951
2042733859
1018432939
300985449
1630138133
319325052
1655993745
416191112
1676160443
1686445645
118767277
2132681291
631698457
7639655
1381990732
1400419042
908294998
1342737798
1013438954
1000846153
1030486528
1789090350
1746461192
1565360110
1450013779
302684265
246561473
573788482
884782109
1817954975
386007594
388105412
1713205187
1404440534
689090861
1195859672
1723765586
197600958
1612050784
1252442381
1884046604
1730818062
1237640024
368261413
1738457717
472147108
1768680456
499269067
1814884907
634635762
1500115220
697887787
276242464
1099092764
115764249
1726256243
1401777030
362325722
152561077
139075491
32797050
538568672
527180904
1746002237
1943009206
1216271765
794378261
1519291144
1413872724
258945398
624249877
1150435680
1989763460
1861889901
1518697093
1580737529
186553361
1139893901
2080006596
2001438268
1774529664
1432638168
551842407
2050772128
384247285
667606657
1629544724
1786024315
1029932379
1782105801
1925099806
1062729429
173190825
304797062
661248018
2116200031
1521068828
1455626280
1488007527
787457904
1714571678
2112257404
1937893584
1556851490
1826663657
1309107029
990105371
2013217019
301517283
922628319
1867171639
2076046947
207782839
271530399
1979335427
592030124
939137056
1461396503
230570791
1969069435
1096018657
8186950
884315217
1269209482
312984012
1545563235
1237925866
1834052840
853705867
578449745
474027096
420793897
543223502
264437032
1977645387
222403511
1573544062
820267110
88136882
1875061345
1742895429
1955308522
1803624644
1950678269
79355273
1635476423
395224745
1018492329
949389279
625795537
840078116
2045407936
633982487
1724393333
1167133770
946966499
1122472921
257575988
633535692
1976178788
836025734
1107562788
249489038
1379249236
1371999821
79650777
1601652747
798060235
899917888
1689789630
525637932
495329669
1497614504
181778928
298524290
1576969777
1817255351
693749036
447978458
619160982
1319544573
1288056574
517085270
1953527060
864966260
1684219041
753009911
1987439181
1941795029
1386545603
1816134321
630337115
346624744
2065623359
2009586351
1718624565
2145274137
1463755451
369201152
897708377
1006061433
894839084
1393038046
356192289
1076618012
1691562337
1933162066
746389715
237827725
233656876
1365550698
1557372298
1521713450
1882635968
1363415710
239196062
1419371361
2116425621
79151595
1213682743
1355487577
1895285917
1844019858
1702112321
1813425628
1706122562
1273253238
1811216117
1022394365
1642454390
561440846
2028455798
389809826
1954478893
237164439
1466427838
1498557582
22842857
65333905
1736385307
256499733
1430884603
1146273957
1778213183
1166036924
362206019
2017409246
437924637
331147992
2096560841
1651607380
1686635569
1844363110
1348143591
1241264242
1510305091
906782505
367033832
1174037560
1929176870
2009488222
1735478407
1810149020
251814400
1542473652
2047313459
1718242238
893547586
2070156316
1783576144
482449245
179172401
1066977099
1628723202
1957385584
85530375
1990929221
1827311182
523455013
174593565
1776388376
27578745
1861229135
1473267838
1375722336
955009729
836089281
135021193
1322043562
2010126842
2064198063
1184048136
1598121601
1726863435
1435862537
993111605
1626693246
1006621127
1886659191
1549365914
642713623
221624788
1728538315
1709690723
1850347990
1538440252
1795221098
1693793563
1218267786
171192463
1868387128
847172514
198771209
1582132615
172956705
1574493545
389658697
1009045986
1709514739
1711702259
871689180
1626229154
748266747
322327133
1205608942
36645636
1315438738
684818540
1043266764
1054614281
86700807
1685980387
1276239069
1815239122
1248187462
979103411
1206195726
895924913
525413326
276979865
1067117376
246316807
1124152379
1265888585
1828449422
1297109084
692898483
70624471
158671423
254929574
1782326730
1030360603
1881158728
383109830
1352687737
939284022
419755466
520642827
1624102563
1463022230
1575257109
1710803370
1001518970
704012530
1378558844
102222784
1683115942
437270923
998147697
61045620
714250788
2065265074
307362427
1838403167
1183670011
2135811850
988028604
1876568494
58952673
1146700027
2131498068
1841279404
29576982
1865173149
76905586
1382264719
656973523
496661052
1902907547
133592438
1959683283
1330681008
1844395808
813718605
2034693538
1075471005
915941389
1570325832
1512741928
1914089087
1631371453
79509068
1831870513
1938733880
1917912235
868056876
1927062082
758457191
597141723
1986014756
1905157218
581156143
1679810512
1934734201
298845644
1756716098
1169515272
955819168
105893502
924939171
1089411606
2065576785
108136531
786323767
731811742
2142830070
1861794772
1647753132
1565672254
1227053052
1414358571
1049560059
1306562120
1098745436
840810292
1076990707
1966802312
620388726
1835447899
416460387
458919834
1593121469
997616531
2138730346
1380372022
1296462175
1747962796
402403647
104797695
1853856299
1327342818
1194209302
1771949436
1435479350
1980533069
356277531
1430825772
1694844193
2004030663
849014378
774413597
1270905586
1898574438
2080975717
222167374
591901082
1010482776
41486038
1212289808
698447027
457946426
1671209643
144084849
1455562957
1662456341
1524456871
604541484
1262935490
1926860518
709339180
969308141
1106719689
1903548482
593773929
394715391
1736597903
950051460
1825541163
1283958448
806598475
527071893
2058372045
2077504061
278162683
1991864114
152187787
870063765
854863242
193673826
2082353574
1553310270
651620252
1606079569
1697395119
2107183209
1121052262
1074368342
564241045
236504104
853745213
1273580225
1205812245
1960464902
1029645059
1799586175
207696645
618759314
602153987
2033237808
1902717762
1408752463
412826053
1813606159
1338772876
690988737
1657986625
1490960664
1561052502
365366220
1684634490
1495922428
1918676490
188771094
954518349
1468587961
148470655
2075570612
395472655
712711700
164591068
1249217868
1986291926
1370403314
1062199122
868453337
1022505841
1269895767
1487212652
1624659828
1155649927
1242446766
885928643
1568475981
908569278
77217872
111981070
419072255
1568178536
1673033572
784438475
1105329378
1021472353
555631317
1294100472
1975990702
2024219278
1442571127
1904077666
272208286
7799179
2068668735
1521426154
1994091105
1291588401
436141629
715060795
166610594
1706037396
54789799
1791270422
714203676
1297236565
529715418
135196009
58322195
606933290
247177079
477394451
27628178
1920210651
1261832926
1132957556
794199356
1817464244
279574380
622706411
1694199874
1722145507
379300429
1966408160
1729944686
300485516
1340350667
1576552144
1592073917
1776492296
144129291
1758684511
1335046044
198919090
1402471286
2049249720
1496155655
1932186704
36962081
1554477851
391636346
284139160
2031872302
419264524
56866164
1146221580
1552222080
851065520
816202176
1831796460
1473771931
362918403
1406458319
1853072361
181842915
988919357
6074229
1522193582
417987853
1598148147
1151202230
562117144
1209349010
338764627
761036234
464336648
240530699
109708242
249039704
277492781
1664186093
640676050
561631941
1548574747
1059940574
618498105
547312679
464679006
1469563626
1363514856
148991818
795851909
1726433259
1555450137
501440622
1908276174
396885847
507514852
1282986109
814873700
2105662999
286704691
1376990845
1167528361
625469318
2138027079
1631865010
866000018
100251673
1880904714
1143492799
1764437766
374097117
1705124740
1165528865
1434037691
176139198
1712841545
1898716698
1645702824
928872753
2047708516
294071085
507822364
1455675006
795511708
268614890
1852560853
1303026560
1551600999
519950905
1261205911
1838305691
1896941750
281250624
316291361
1887485182
1913115634
1182291379
1987736855
1646536701
178300530
1604690974
2020633818
1883425271
622736191
1307187861
2059564469
188094088
1058420911
1557783645
1116966841
958645780
1851854730
1624789205
266837138
499882790
1893404096
2119397991
1802909350
1297521447
491865248
916631613
988343490
241323351
1197882238
1304634852
2128808533
963514224
339442583
1969061740
462567277
517743114
1426269066
335717447
253684737
2049005258
1642905309
165765558
89615698
553842572
1723549203
1206582540
1512488352
1427920285
683888097
1779325490
1927803076
429808545
1751239833
1583228778
1727329993
95621434
352376744
568189835
336944785
1550258982
1872824687
318269670
366289558
64783623
139847762
828856836
582526737
1566116829
1164574283
836211474
1467638439
659995944
1001977032
1557254137
1213838517
578042587
616353029
578843221
2005962872
1300241127
210685064
1786282300
1730049672
1961924897
1222027431
1309896017
2057546331
1574404175
1878085853
247007468
977179509
1603426892
565277138
1343469067
1668210515
705124901
24842255
103253604
123758082
1189416539
939465078
1591396521
1849412483
1941442110
1001167010
915767352
372001049
1617520040
1494610574
230480274
770277519
1705295638
2016762574
352843543
1519736887
1091306357
1662739561
1429799571
518226884
1393341766
1676807039
1495406393
849285010
94600530
691391813
370011878
799725431
716234068
473265482
923483513
1905650607
1412730561
367396386
1607579443
1206689023
1368563396
375863147
1578690073
838599788
1870473721
1809170347
1608877307
1428285711
1678449273
1961720851
800538951
622271983
1476976764
82854874
1140498867
722834882
1759661913
488421613
1572119892
1854262443
1179813426
1942131770
506504226
1896047494
267913605
1429987739
1654214454
1680644166
1797384125
1114310249
739849541
1018463874
1490173396
171055966
1857063662
1213163470
1980226313
1318457322
493965533
1511191939
1132694525
1294504484
2133463922
462187641
1377359358
1126479141
1185022523
989537624
1614900754
609658767
696316419
647230532
404306890
1202820646
395794379
672220495
485324737
2050008833
205381013
135225215
1016835434
945230554
1153689089
359525182
1116286521
863269103
1572688652
949029186
34242777
2066654186
312737477
1166937302
1213675022
298717751
1629124943
443550733
1425196893
666663818
1433088357
892613999
1276322586
2129404776
1539844532
1680629476
1184741774
1935638911
205366323
1670066512
1838164096
410747336
1805291727
707515882
1355977890
811497168
1067041064
324780763
1674766271
492246069
1273809950
1709009049
411416607
1586547427
728462703
1625091629
1885265179
210103999
2068642362
1162978424
876767817
1354247071
2055592423
5606755
1336168200
1447953307
1686236231
373426326
1236108570
1891602554
2043492838
926789018
154866242
1701300917
1634304900
1510844133
365314437
553862317
1835624896
2040080709
1046108386
961951198
1601606110
1457524993
401014978
182585165
935132974
138796509
392689164
856291689
1301774933
1269456982
63055112
1209883708
1275063737
1399223312
510353368
813816321
1772649639
1746461938
557935227
1668658829
525767309
712801470
1222476099
12588561
76161955
1587790536
566450878
1911786851
1480387597
1612559264
726254402
934510059
922600609
1127269380
1117095225
1857733584
1266065889
1509784389
566541625
420357174
631757723
629596737
1630240882
1906821461
2028820050
2140594250
573154134
1653986041
1739572541
1131089361
1175161222
117856202
1843890831
250153673
130444763
1920052786
1837944210
696895642
1684355990
1170848159
161971258
263126744
2105358219
1084571868
1390396124
1074969796
794821804
508978365
437270537
1361363429
929335539
1069028261
1990960166
412092773
828366074
1872296568
405203376
1401520208
1378798961
2144775917
385125921
406476536
115148471
81533105
656630209
245593234
2001585891
347090771
942488876
1538458233
1517938931
1104460135
1801584977
1475813502
41548355
1044497453
403299650
836370159
1553475818
840570187
50249940
335327709
1909598448
2041210106
747420483
590480874
1766023027
1152623859
1992001082
997338340
1149916128
229643356
1403814876
1265064599
311176461
2060445086
1510657833
165278704
260052209
305663062
1703736938
1777991140
1410123197
1357838267
1106320994
1451671552
254852073
1509620644
140558063
1808327891
202707184
190808003
2143655601
2112305632
84534461
743592436
555302859
1850557488
1896216295
399820293
700412181
898648775
629463649
2104227057
16229726
940640110
2017188495
1526887559
1105918815
129757057
1832550621
662172105
1907748197
1095190170
2020010372
866585544
399378074
127378797
228722540
539936137
1935706689
431429724
730744140
1931878642
396251709
815278602
527987430
951554568
518352442
276720077
1351374861
1218764623
1175368852
1980838511
1175508033
1191598578
773994973
1045212880
571002489
1879913788
1174969937
256069463
394602245
935234487
1351259633
267128970
1801820031
1750637708
394507767
2030542571
143090197
182730808
314488648
873834338
2114609450
710740357
1689112940
495113232
1662294925
59981734
771833309
866186138
1278746358
1947202161
699541001
306770743
991317091
1473535975
1351983623
1562319581
1205966115
379469913
1818389044
1600568361
1314704400
1022165029
1867697331
969040783
625319089
114721450
852099706
768409287
297452259
1166588354
1642243625
264578061
1877328711
1183872917
759691294
1392139988
1243854651
1531524603
110842479
375117361
1331243117
810383480
681888104
175076560
136435807
2033871728
1737396141
1342401923
265857993
1408301537
795486636
1580562393
282982919
515700319
402119528
908302008
630421769
1254219234
1676711295
927874028
273323941
1171471272
1192452090
3169004
207860541
1952143384
1395308993
1451715193
1336184339
1506151472
1826832554
519943808
169051304
361237011
695020369
305487112
247625091
284932862
1647889035
513483084
1693234400
295892023
2094045477
1976217319
811592342
348681357
737035679
1442014111
1602900591
266263327
222404492
1876224532
1437734599
1414856582
1879393537
1645595141
1219516318
1127218882
949826686
408217009
485886706
629175592
928160818
654938010
990412603
1623181187
960425122
1238037694
1908114049
460830509
1751520778
1453864801
756722532
1698082607
1282598472
1568314874
2046763964
2019634152
862845338
1502180908
138413831
1085249830
1230921792
1576148430
352622764
962831681
1074259923
1572139082
2090050563
2024086609
1980356091
428453621
505778554
761033261
1083391632
1496191157
236730800
2043816754
586745204
2144844850
357163616
190782334
1451226003
1113886148
1888864942
586340828
534717375
1788145258
458491332
1397562713
1142842518
596905163
335328895
226280663
25569945
687951659
1189112344
1099829869
112607093
1131679260
976432830
2092963184
1560132881
1482211384
706512798
496040865
830918894
943243598
392373972
1417664098
940604800
749537588
1608446432
244347156
1863423736
1349827726
830687984
250657463
990489337
1289179316
1648220176
2133331855
1886084479
1983549071
212128870
1911654424
524017082
1401241215
864000645
636624175
385436827
1840433476
582103712
1945569708
1175161212
1288616510
294126926
2006080106
84376460
686500898
1276260556
1024981261
1436038486
737223341
1269328417
1151978574
2087051067
2100016401
1402636038
930056756
1241712069
903372566
915904964
980312900
739437990
1128033834
744483676
1263455072
381791401
1608484322
1900079248
767228228
1301434150
334699312
565314289
329111714
1623315822
859441215
187708173
1707692282
1545942113
1463968729
585189895
834496951
53708422
1854518312
1986475525
2140759490
1807051065
1241627915
923332598
901279486
2145000482
1839237562
1881592386
736954824
819787749
478592415
2000409896
1201579150
2087076737
1753005496
1968807379
1241027239
2087704808
386638020
1570138953
1563536982
1246079235
1757847126
1123745617
644537700
1074332208
1708935512
1479034651
1128040630
1415970177
1318026528
1121316472
1075537594
412170796
2044649071
1976817081
409687630
1736402985
1710925819
1146642454
408707086
42034586
999568702
1610286237
2129111323
605090551
1431609968
1222654914
545311711
1818247988
645310220
2108848694
916843575
255673698
1085110663
1561381275
1330005906
646562527
892932278
310562889
2062532704
63475158
1431879361
990586651
475645954
1329044784
819920084
885333584
917964122
383362255
2031976038
1326671208
425396842
884061093
789473797
407024517
1489151644
73600117
1629679432
2034463355
1891848105
127506004
1995828401
661208032
383179702
933455416
75105659
1713185609
1580017944
968037937
2023748498
1495067000
1031513096
1308144211
338170003
1507159050
489705348
1158090087
245008987
1407669470
1541452343
129501377
586857030
1966849185
1013562470
1376330828
226390054
355230466
1449930945
1856069486
242210174
1194295403
1983575490
90554927
1855503435
219271545
1024010344
1930609095
1932457154
456544640
751163384
1808722004
1951611640
1782676480
969382567
142297996
1142351883
1459087915
1300388083
1387360870
719273737
694356778
1516862247
1306130768
513722315
382941070
534977948
740112370
738171536
1984908893
448698208
980381710
1031720648
284790051
1070936638
739740436
504061596
2094946982
522865883
289035102
404007974
1274029267
2097757106
208135966
909222100
919656025
350433962
2051573983
231260293
1650822046
1291451205
950534030
197695176
660829804
109181150
711417492
1043770874
644159098
1451529862
1781942411
481584344
1900228070
614840473
1513304992
37534473
1685777111
105561780
541596069
1633240445
628427663
830631171
2037248419
1902456931
780904629
97900738
664195383
1700560655
448334700
568285718
1931820948
2099156746
1859736923
734871330
149368275
373083079
844052481
860785767
1416853954
1488211579
164831981
1051312717
1969795923
2065060051
1666153190
1335617268
2102594525
1204446654
1441179048
496706946
690203451
2069606712
1327338118
579968223
1824579995
2108242747
677868961
341291730
1661319754
1126203661
909577448
1445657054
1077876760
621830723
33044737
1227245035
994913802
877097218
2088030802
264284108
217825149
105379135
1315596825
40137425
22955538
834266368
1375754693
2125550063
2038713022
669450093
474773362
581432825
591573157
1802111480
1161401048
268669504
1762870579
1839270009
609961234
1276706686
817990023
1519538682
574880092
1895866783
2141369405
607924829
975628170
988799560
1485022047
916175324
1253083668
1702847197
1021554459
421196846
1742984622
1044509997
1255463214
971255667
1022576413
1146692588
1640705760
1497349775
1728125413
84795270
1151977607
742042814
353464774
767364538
433829175
963426009
2044071224
1251819198
335481043
471467669
1000202333
329366801
1079392498
1975830503
1318166361
416930898
744522179
423766381
2119778095
1766076638
844963227
1715279069
663102988
2100426441
539051088
1685679401
1099635381
32273200
1035545528
680277147
117068470
40039487
1422319961
470533245
807404025
1856149136
1433959254
703991602
960484687
1769440297
1175459271
1960687020
2098807098
107368121
1789033876
1269489811
524299019
386072407
1693256193
496593466
4665398
390735772
64388887
667768386
343678566
603439975
205964139
1443313947
635713176
1241509667
2123591094
752781646
1281549154
1398427407
1223314891
2088953179
1107092896
509790497
645461133
2067577583
131747147
1820920404
1880780955
83070597
1928288526
1522331183
1352560409
305103897
1908403591
898332954
801697364
1913068989
1289068726
866086251
433353727
1632747292
1469526227
639317866
928577592
2105239403
1880827533
904685038
710537401
1014893039
155628798
1933852293
956362570
1262721694
296159142
1601823704
1182815629
427906289
1275260460
916112936
510976887
1056065338
290960472
1863537296
1361169236
51880415
614386602
15382952
1964949404
1903455328
881469203
250819483
1388718973
203511782
890137349
169812917
161267537
623481234
1074497955
871804939
1638374273
1230126753
658173584
447253195
345364799
954332726
2049076899
1528180428
1382239016
1176853712
296809717
1893215903
85435402
587770189
1609269551
1446604638
639650604
76172505
1461987590
457116360
1979627833
195973146
707935843
1220863158
399484928
1598073192
1390676075
560752466
74070778
317690383
1432557405
1712445051
1547817136
2090730989
12214598
1893181936
897580067
2061291498
1273878716
132335435
1090661562
1570688433
2025551338
1176096964
10974974
1487337241
475217955
650625578
1563509746
1937205545
1107741938
1395653932
2133178691
1815677781
469033442
385179972
1266267325
1859709518
945932438
1340338103
29916253
231006195
905299506
1577733389
174253536
917514105
1323431677
1071833603
831321955
449826746
1204169039
1921983517
2020515179
1082236729
950596833
2031490154
422090323
1425814788
534632084
1985600069
1215536686
1642374023
1233770353
1201231729
1310568156
1702803796
1586411701
429351834
1415029666
384860491
1769689937
1444945919
615866686
527505796
875195660
790120222
1445019901
51143690
1861953826
128858208
500970436
918639217
2050841725
374001967
2000875946
853954910
258008473
275482621
132286051
792640558
113599043
1347822737
287530933
1347369396
401570818
1598099089
902689544
1987982520
2027450923
170235562
225359363
1649657213
1615181481
841226050
29679361
342893494
1631346272
1474699262
394037184
1345816450
1603557470
895007620
116972019
1506915547
1269009587
2117847966
213386809
1527018061
245846939
345672860
172174971
359445982
1693495597
459705904
1706815379
2095066416
2057804993
462021275
1935565288
1937772269
632256838
13441003
1439945834
99954671
854667053
1469625195
442848165
338529678
796840809
836885349
1684346128
252914631
1731892969
1801318148
1759830178
853418909
1771682466
1973216987
232953322
2017529405
171406200
405128293
229491740
1864901797
864834197
1936307119
1812484565
775155542
250844746
1600566205
565444163
883101584
1614007209
2005389997
983056256
321190614
1327531544
1425904421
659720292
2124372353
115306123
196582773
229803336
1847199092
1997900921
1989633514
553134353
1622099739
1815366854
786087675
1492145496
1986773054
1191215968
1721637236
1704191203
2056050165
1510460707
1369192121
683722060
1761305454
822274678
1249166223
496923390
288798239
1107072573
1479979646
609988854
287120469
758400420
1269709146
264009175
873706543
1466291919
493812511
573421987
1316709192
335962378
1126556341
791325283
3845584
1912644016
135987132
1990618638
956376337
1857624368
1547326193
864942854
1220601428
769034666
1548664914
834423234
1591309345
650347490
1331346624
1880107584
1757420063
663842623
342612790
2044540532
1422243043
1612321937
161066059
148465938
931130208
654878571
721887925
100355753
990840949
1848444266
891681036
994686533
1613604635
1027668168
837821523
422497324
737808889
237664068
1287440178
1958410317
1006698735
688621445
645349903
450524432
1338968935
1976696527
183148368
948905350
493055502
525761159
845962234
1915298545
2138083096
1007028294
2063764483
921729656
1661906865
638168761
1022085409
505264166
339129379
1913766446
1499950699
1952734014
793950966
190288574
227747690
1531759855
427952642
1515187869
1342686524
1434651377
56325666
1988036427
1885175809
1395294601
1817249307
2068324178
196716303
162821161
446601689
1042678537
2078119707
437201137
2049706831
1994400542
1358930793
1564130048
485085655
233532555
2069394214
824215035
2147299001
1421861265
629465401
793766319
1612149839
857213092
178042527
2040102482
224917313
1520729051
1327270211
281242979
1361281831
1064962373
1676537580
1031047490
985802903
1873253883
1193868651
1432404592
768448772
1124504710
1869605729
670671956
971421605
1081052874
87318356
1456507260
1314585429
9228923
133238647
1314400782
1431090188
762704049
2108167102
895756380
1619917141
138725981
788375214
1844834454
1659455032
2115645425
2126077433
873253215
1033124150
1655131365
1904300705
2018927053
1380901600
950685709
1303847997
1866724
2075190419
1025970078
672538680
899128376
2107022953
759857037
208151989
1274124734
769085960
341390636
441041869
52692500
1104094685
401725323
948448880
576528178
540451304
1736824094
273878984
52422688
1704985872
252472769
925675904
590626374
1907604134
682492961
462069780
1141022086
1633178670
1765917777
1142888811
1560885442
644404208
1815427491
312530170
603943513
427800880
520682159
1878068247
1196886840
862072796
171626468
1249579341
1966167481
573351791
50544573
395212012
1113803095
1787368668
669090996
1166225784
1344870892
921563766
2091901688
1935497266
681684252
626911001
250083398
1822706339
112606024
2016001176
818111502
1673491466
512921736
486055345
1986021636
1116865249
913856226
359220148
847449848
2110743066
1221292944
1019076317
1212838759
1039976777
1592428108
1263383333
1435188789
558747556
903268353
2104279786
1724973340
100655597
878359904
1669391380
2036152863
1560044156
148818733
138752614
1235266847
261424757
7270142
2053378349
1934916223
520191878
391950047
1773454212
1637057127
1305806273
2132674360
337023327
1269065691
1206483656
1356099644
334420803
98976785
801044105
1597804136
1534165575
1359791661
353588841
1490961713
937281353
454244438
221837969
459189085
342913653
1781882125
608007818
481666267
869665325
869432576
488936409
775560026
656865151
1009128287
1167510073
282835715
498701766
325832698
268026427
835725094
1594898390
1474510083
44341090
1929319193
1573486869
845385195
1379639681
960168796
57693208
1733228522
303646861
994974561
39989312
525484830
1454163646
382902965
159883307
2062171465
864569233
1029548632
784120393
1353505642
1805108659
1440985544
215150282
825135084
1723821260
713852048
1150967783
1991847687
1549577142
598382525
1318874123
1593918233
380218070
744877344
291819780
1759857751
1705046140
349512989
1345602625
2008693001
1344487550
1385591937
386694183
651167549
1768494902
546577490
565855366
485580487
1576126123
1349975759
1839086130
1233751134
643477655
2054236412
2058886218
219815267
620604812
1062370353
64179307
22698307
1660752878
1383053430
1616616540
2040970948
2127930774
1908436320
1653345051
1685493266
110465661
851464028
1546702619
1454953212
89572317
1933396802
2106120761
1858067220
332490644
524492479
196164059
1908616767
1874468238
2035250189
994884253
370462245
1942002953
906286824
590277513
415124118
1968657177
654456820
437822425
1481926408
2037510250
2054438965
1375413708
2017957376
1815391637
881275112
1555966994
1925857299
1732739140
955185965
1233326863
1822311458
741099119
1191963976
1532895030
1073589763
1716456455
1729059089
834722883
1443441045
1616825631
1829607136
1813903290
1411344936
588410312
256697155
1826469054
409583842
911153975
116807831
1891510250
801180577
23763148
1119440310
671654305
1839154786
2000715422
80137651
1617528437
1585970915
1035323616
703371652
1260798725
1776422735
1895335628
646210107
702528851
1464308435
227785548
1537251734
760265832
1844611179
1219375222
426685474
1108472468
1807785535
683382630
787457874
69885729
1594536605
904265706
1961395979
248233535
928028854
933352641
919887840
619699992
786584416
1000025492
89744781
225071683
2035349108
793116433
1485870408
1664288196
540968413
2132080515
219333399
2005276848
212382415
1756585133
618059032
2056993595
828476707
1044744507
1017982415
488778594
1728127137
1805440289
558664323
1175180094
562222347
372576654
1423413629
1490251202
1305929296
195817822
2109951194
2092513712
1195843314
52212328
170101747
1083708774
845328761
1655972155
600513322
1386297175
1640569022
819846721
1244090375
1852951437
428948206
1862149408
1762461384
1257424914
759410267
632960151
1746203508
340053756
290916793
157384184
1515233850
853139140
529960838
791163832
195906694
1835890134
986981654
158374241
1780920198
35341320
210586569
1951021945
1119050094
1055915330
1459510452
1719563417
294728857
952595826
391926490
1538819233
658063616
820874697
1253484993
273041352
2078299611
2012895260
906001504
1677019471
205465368
1196918297
1834403655
1720699218
2050057437
216880846
364379402
98480484
2052770980
1351361056
256854725
1686207531
1386702376
467441294
1489745828
358268823
1523356624
801772633
2077832240
1818085482
1754368459
322275082
1209421067
264948427
1143149779
315422412
537989780
1073965742
180834024
1443991284
603501566
386299392
493425933
290421573
2106998610
395999722
507302419
323894365
494480206
412589752
1675255421
751334931
2098797283
914474150
1218776225
1441059463
1272742973
594649202
95348448
1203091565
265251036
1849716908
1525366647
1474672103
2114665335
521032779
1790094515
505171467
1594998521
1970928539
1949162751
51016439
209744283
295105036
341438013
169259245
691104759
848740432
493153610
1185584965
1261330184
20925384
1936919897
1212643819
935399534
1008212474
506219635
60658859
1602861676
601568083
1263750424
1868112712
303801343
641633423
1195301167
270983031
1162666202
837912034
776154498
610181076
661356925
577833602
661197515
871101208
872938638
1002635528
1040360454
1564043397
1851375961
1533514064
602144715
965222497
1554439448
391580964
30382669
342355334
1399793438
536602304
403014193
855171467
1138170387
1666764617
575800531
1441971731
160914393
1771101699
1712954762
1323580595
461530085
341625612
1933761671
1122887011
919459214
447475539
1993988219
1792397853
1450111067
886865025
1208957602
1154003380
272895442
1811102317
2119225878
1827334890
55199633
2124899
22206577
1454993072
538727203
425220770
162680891
1676897590
2091985388
738481422
971385673
105416133
362099473
536856787
1428996728
823629559
878482400
1215274752
1946516570
1797941614
1662750291
1793021141
1442855819
965377710
532402519
504329774
2119381091
805297961
167948443
2091123321
485149203
223148077
2093248220
507355780
1678141149
484491775
932576551
1840822040
13905717
877078291
431819814
985291391
982494424
793919288
1522148178
264007504
1617548847
253146930
1479282256
1416581769
2051088545
994548899
1062119262
1346460716
1959926610
1594521781
1850790490
1931824053
252336094
2018738934
1875463726
737485298
94403363
1821228298
1244841078
1772544512
158236425
29933981
1465882904
172142142
907012272
1897702718
1157433533
1889506696
544138358
532098064
6030553
14203557
785244994
1485312809
1430785326
688849891
332378061
345420941
2035310608
144821023
1939942722
1738617450
2076645076
44795169
1609872736
1804625154
782280467
1704276099
1478369804
2027121545
1329336963
1636606229
2057055527
647736219
1808748371
816584151
397955290
818698257
558607200
942093648
1350796321
564637753
956297206
2136041315
2049950562
239598884
677407559
234844975
585019825
565234519
379665998
377478900
156368321
308827426
422274069
1766241058
2113452580
1204554536
1323033509
1444338736
1084192433
504886825
933461317
993764312
1152623044
594726041
1810348464
1550578334
1413424298
221472016
345188335
616736971
786109769
1301485541
605294638
688576683
1541084425
1282702197
923421659
2126104251
1847936716
1303087657
356099503
2004305038
1611915084
778373572
1623062448
1577884016
1982928108
798612309
874739105
919636893
1303499134
1808200422
1913401206
308638531
255442815
1576266022
1859216865
1668867113
1797738038
56921552
138120436
436364159
1358407093
743415075
1124940842
752007871
2026117272
2048362501
730628474
1726570341
1203966511
1086727977
1583391731
668397947
1865101549
1058970531
98798315
1700546009
1857582840
973537420
472699254
1013598327
634254195
238616812
1322236858
889697010
1814882834
1033970075
411080476
1465137224
1090891628
549200912
1901501383
301815073
1292615987
878958578
1053822944
1171249612
779837431
1784451418
750336305
1983803942
723695747
186244388
504718241
441313648
1245214919
603516557
2141859657
955314111
1577053977
467075264
1968912438
63824524
705692076
1143665648
953521535
373091263
30152076
1364602011
1838228487
1121043704
1913802923
1592246223
1422858777
1058935263
323721153
329198074
82701227
1103558584
2113649492
833037532
939878879
689861592
1019281920
1444597120
1131175240
117013191
2048113677
1125551250
1072327302
1477684007
1592626514
893756093
1541508531
150834942
2037421741
347546418
523926205
2067573817
1712148429
214671045
1041133873
1478467705
1806917268
316509003
389919320
2130638421
645707077
472620547
1086713357
611872921
1305658079
2026592236
1301734513
177456351
1323705709
285426106
294469542
1224335738
1410977356
1366796844
554536097
856120222
113069289
2096044629
1006955164
3007383
296107399
1530881370
2070581200
2008255829
1745552415
964231426
1339239886
1404986035
1280740429
1729159206
1388140808
1926447506
54296105
327370517
390836779
1359954184
206479106
1692571293
1537410535
1530184815
1977997399
1831880077
607036905
1241491107
1051193273
1161573003
2097611329
1164262563
1110133984
957082845
1167269946
1406241383
340480567
1090367498
1267013564
2086032982
2054598924
458769802
1343535369
1187855705
40445360
584192529
966819563
94741465
911563047
1357656343
1454695649
1118042153
902743988
844622536
500743320
733257739
529018965
1107780225
1974748846
1580212239
121869580
1924876527
596991154
1232003564
734475724
1764261100
490761300
1074956292
707144950
1757774864
1013505626
614260227
69061019
209557348
1802115932
109506379
793749877
621451848
204247845
1705312924
1979108191
1658943494
675871429
734368531
356082383
1176614749
1467626270
885101348
136911327
1294891468
317829939
258780907
1072284347
914821093
1490784472
1806760071
531598545
1981545772
734232715
1238743496
1591836988
1747738342
1853003723
1660898007
1957295690
1507636007
1770404387
603561919
2129087855
1974652232
161391196
1960712398
1486112078
837262625
547597281
1842194461
2013877375
2015223551
579812162
3305054
1162631371
897642101
262085961
87432070
1812463195
1752870433
1894192142
196578092
1586932557
480941209
1435321588
1031285898
81195903
1140841663
544700257
2038491593
500994023
167620996
494569865
482598230
2142273228
655961061
295826981
1480901659
1493223686
843424262
1175612472
1359617413
711164166
1755424634
1362922467
1873795537
505583088
1625008429
1961227608
170562635
1230395214
1707936102
367140727
669844124
41393663
1802462316
1701130022
122589567
795820331
98346631
13597512
1296814354
265967628
508167377
1779412585
260757208
1164128438
2075239566
1741658867
509868477
771180180
769787692
1869485890
1482344346
377728678
1084924710
1208656236
883311766
562449491
1022400196
1053874401
1792844705
582852650
1421015129
315205181
624246313
1075993797
2016335203
746835880
1871814128
2114681835
760433393
1021144835
233165815
1268600770
653073772
493923023
285245561
580829690
88098243
795114038
1352009870
857885935
517116280
686870569
1235614613
1602040990
1895526805
2118926380
17006833
770443353
1025317133
1809851539
1353296003
298848614
2125056720
1977542316
1374842411
1993908276
576894549
1099172892
1961106463
1337327942
2120317727
46788630
458445064
625907851
540711653
743690625
1206737541
628809896
1538804663
411263763
1486695831
2055920944
1098134332
574826797
1510478286
846177489
546269529
1527485120
1616620842
1571586662
1189853011
822433197
1870435277
1167426083
652491866
1097794040
1013850711
1229386415
49483284
827473526
419230709
22317363
874262156
877675773
648225214
1414973810
1621366399
1854962755
2043783706
1012687414
118742871
1382995890
921124710
1216877203
1957822687
284119349
2063054693
356608568
1811604469
1532191887
1928195230
853973832
207141437
1651146859
2021399915
859633303
601457252
887766979
2089019718
650940536
1715240505
360766779
673257900
442019014
1238442552
1321483114
1856992824
712325303
1028962222
1753292882
1725012718
1147705093
988805124
498653780
217098648
799144163
782773129
132669693
1155752731
446893950
1664861581
936464314
1300867782
1872003018
440127525
1174784050
584152673
1041584777
2062551029
525688743
1692525314
1630307886
886455522
218299566
2072326900
2124898074
1539782680
1781836076
689739730
421261254
1387645311
267268800
1568966347
228966787
765922580
1786064996
1028110951
1548695710
1918734689
36380034
1995589660
1436112622
972844348
1148973795
1160631992
1412971874
176274197
1744784665
307073003
91341578
122989760
1999598317
1721649464
1009445282
70414235
1646492717
986859709
1610196916
1280845145
1676599439
2031458170
521006808
1943868239
1452940870
749973596
562307171
1091522218
1778084547
2111002881
862773259
1814464581
1959108894
151402234
639825282
960599041
1312034226
2052797156
1136873238
909335244
212386511
1228214816
1032325004
64501181
802380632
2041770287
134915416
301389701
881146348
1745112332
1582234847
410262139
1629086855
2103241655
206646730
934544077
705731603
768953901
2026066295
336332502
732473135
741355906
3313436
544098381
892758140
643138718
1504697422
57308719
548452226
494087012
966643963
760838737
1722301828
1998968967
825339918
377198812
1893255606
960255335
678588514
626918306
557884019
113339713
1037180445
39487226
69097720
1243827175
974031303
774829324
2012781077
852613950
1111161826
597770564
1593969857
1114475262
1141868945
339244349
1757613980
499082719
396553068
158582558
993169731
1363197031
919421296
567987911
1214682351
1744761214
945186723
960454309
557532901
1623775237
1587372616
1115416921
1737114950
477069413
1154904147
1806212671
1720896589
2128935451
433558347
1586194018
834065753
1544720173
36480934
280551962
511711788
1178349879
619796312
121842120
1677432598
1016349380
280424679
523118681
232062764
1199845975
1091106592
1446745115
797123541
2036293315
259715776
1354656443
1512584905
1847088392
322589716
1102216207
176674158
1477493863
760945230
1897570747
1458945666
1194503577
1336281117
145527772
591740103
1372762051
426079734
1103451891
403628282
1045876046
1225294011
2081060880
2062225427
1505718690
456695913
146804543
558081017
1547802505
1593549658
1355204559
1436612172
1853265434
562377354
801713429
1552870179
884967070
1903929637
1729544337
214977285
517391219
1479631436
1673922952
1711894797
668428905
1819450724
156151252
2041190956
98046810
1259603143
297335590
1143922857
337413506
230912822
1058664636
1843132197
687608735
1205469179
253729566
87927592
651535189
1608934125
1524539764
357316975
23827831
