5000
1241537750
1892363500
1569892298
1560033707
1873402511
514862858
1539184513
183362522
162273483
670841283
975016436
417207255
176326602
1812789358
131200033
1127915396
2024233990
575250468
249512603
1392460734
2094631583
1901381705
470495133
702274674
284082063
597488213
303747378
1052662918
507621104
1954003089
782674746
1749158855
1698882941
205083396
1161708914
1424801804
719946254
553409779
1608164327
882219737
1224251062
435697115
1299426992
1400577664
101002825
1430627026
381009412
2125236815
2005877494
630522016
1370213901
1953025430
384420073
1840709034
507816456
668502136
290713599
811563834
1721165054
798334704
618083276
356356152
400009911
169482569
561439549
1561718825
1594284374
1281385803
2115128604
1054965053
16121893
1191896018
1490662168
1315548885
444990035
1591664993
598692263
825999447
1569418160
457086110
1456521463
792148413
262627892
1840941536
485373800
770444348
361960024
776087399
1582008183
2083125079
1574422103
52607811
291997583
1974432014
222090380
853437132
1388667191
1816374754
2134822936
1356312147
723856159
3461181
400724518
67034679
1319010066
845714553
1658699672
1917702330
1671714000
1080634184
227304792
980751816
1872782598
489932684
674209704
210672750
1260377032
1036169729
986760149
694901567
971811160
413698605
747509378
1263808743
240646971
969599759
2117245876
1629314163
638490865
2104585164
838142662
1362347025
2108046345
1238867180
1429381704
1279572763
2084581733
940597729
1049791445
1608812086
2021231913
1277096237
442080254
1746530863
1767028921
1116289958
1957203613
879922306
4976039
796480115
1574823873
976787199
1210178720
174849604
93112295
1450825691
1144449363
62874523
932656206
1782940228
19976039
1770798869
997803605
2128022384
862182401
279701662
1260111499
799280487
1220299391
162419297
260608925
1094047656
1439515534
702689179
693094872
1059060808
1818979137
502814837
1938983114
1823955177
1299294952
1366323339
653258728
361990024
1541172943
746371023
1812815716
538138658
809245546
597988274
173595239
829221585
221303495
1171398844
809760321
1083485897
1451100506
2069871821
1882766384
523916249
84807470
2143375309
1617963906
1524323004
698580840
163575130
435900164
370076329
666389967
227399630
46547858
1965684920
1593722970
699806587
180191296
987412265
1446177610
1993007012
1525550924
107939509
443511639
1699146163
937161094
664815134
723061359
1746921416
1748301031
26678218
1669309589
1483583767
550594467
1754117059
1479475428
21074725
1130956415
30572620
184649855
1566856580
400648950
851039823
1794256210
447196808
669241095
1240495532
1147003395
849432391
80424150
445697358
694955756
1605975074
553636867
1138467395
1157637589
1490797961
1803282529
1880698948
1090235729
1404099913
1907377166
612061670
740200032
310487986
218695081
72191813
331562711
1349651497
102764433
516212567
769024429
503413383
1367252390
415796991
950610192
2036493485
1656292524
2097613587
738442228
1736716674
395827297
1433397984
1195208100
949464164
424381731
205362041
292778478
80180613
2086060989
1383014207
1484280526
1845954508
1995075878
76996910
8958846
66287311
149188723
340521557
1415938808
251953157
856734124
37479589
755366540
76502866
453276581
1705976732
2112996351
2109569105
1656106672
703954932
1698802131
2051933969
2137352916
746526583
853914486
414251000
951888624
1146692964
494431613
890465965
382223523
1978712139
588936825
229815753
2055709049
597895671
296103065
57414125
938417229
1712041873
309367282
1795151353
1749521463
1064733822
1871654220
55314396
623226907
1837166923
17399853
131849931
393638207
1716201984
36300252
383507476
315244919
890214738
797758476
1267133543
2036907702
1292190089
10115860
271647578
1123418580
599052686
501463331
1031643981
1196948357
797566396
1089058106
2135365586
362124622
1398425388
1783033292
2111646085
315675563
1507203864
19476833
938902470
1196887139
36876686
1070752401
1590525347
1753078670
1107052653
1974032823
2068323589
1997267392
624307651
1187973484
1886691446
1916497740
1198089344
10855376
892432672
1797142030
512318708
1924076653
846606740
1309885104
865651112
834488678
1672009726
116592852
470038322
1636172163
432268415
1977242186
1655648996
1371170885
1026645678
1692525682
294439638
469687377
1298120704
1401492292
296236552
1218960645
1251276036
920544203
259450481
990483834
689558295
1457539826
1001339211
1581990967
1107198208
1513657919
1358583972
1953804948
676059375
76751436
640809979
200585454
193344289
1110848301
1836757617
625612704
940606840
1344922966
1996783590
1967252518
889965000
143739580
289456247
40602057
1545231872
585692799
1259562702
649024260
1506237002
1519013184
1639508095
48311649
829069362
493363658
1630302616
1936267570
2007021577
841402940
1742588871
535597304
918154377
235915202
736182758
1111498666
1346763503
425456728
1737111370
139886695
1770379694
1586411312
2107139213
512861046
1730150893
249111812
553463103
1127899117
834804611
1813025806
1776923378
193557965
1184555342
1268947825
241869614
2013624704
1762311483
1872172230
1802408626
1621849412
566091523
1397513849
9963068
1484245900
1633429051
746145827
448260918
832708907
1171602555
37888640
972595602
794498601
1624299953
932251168
1307359647
1206967198
1181362980
1860822751
187382667
2016167592
1526364909
1964306045
62241909
563436603
1085770222
304111524
429577659
700598057
28800106
84502637
174963821
594891629
1482016487
184926890
2079137529
967961890
931072717
379914799
1800670797
2102675272
417803440
625782752
749690225
2042103393
1558033920
2057049872
1101586943
591913252
1770388975
1288969610
460597196
1149270236
1105792008
522839106
1712706839
44078582
826950630
2142284498
744676640
855750736
79303488
919640461
1450642366
1561319975
1104567351
1382296247
381798217
2035640068
1762211047
34985367
1990831692
32530839
660768119
593038269
2074634232
71318391
502604494
1028737527
663231643
125509821
170223489
1123828840
1274780058
1276015497
1646667946
840003249
1320094080
326134928
834804100
2064770720
1181885664
914107588
836927533
485044382
327943915
1941494885
1867340630
709742132
1829651305
1482068029
744727499
1672999350
1514598868
1405495618
118553971
1441749452
1476814009
621158465
323003331
2140045653
746668287
493226820
1116390845
2021448345
1769242318
615575143
713967946
941852750
941710071
1548772046
859139822
2123595735
315395986
1696067355
461156470
643339901
1490078592
181013452
1353082034
1172246250
1663081481
2097809533
697761952
1030196701
1355821504
816315923
324462505
685151865
1437474389
647465836
677713870
36659028
1140692656
1794104715
2058107373
762451326
262196210
624591671
1704304076
1203906281
25880070
415960250
1180018369
341276056
2112027606
1641174839
984615958
1454622550
1822188291
190214344
479385152
1337786124
140540229
1177147104
220499177
1496361733
1993463028
544961682
34029951
1283453769
1192427518
711743821
1320112797
185636526
358364889
1230736522
948087853
620561099
1855328193
504908281
1824467381
1881208263
920868532
857002102
75000672
885412490
350693293
1059616630
192551392
25397936
1249830974
671936545
1363184060
1390371203
1849083649
1583683237
739249289
1695063029
2128644919
773279240
831033150
1173588789
1485023061
3662299
1359225315
1843387950
1234398821
159829520
316465402
942243367
664737802
2140932783
675967982
1585606334
850451237
750968654
323535176
1201144530
1810585284
516086568
1226542466
912932610
1188023113
442242878
155820166
889623115
2025926115
895069455
437202496
2007087386
1668348695
1268235647
1033192527
1005888108
1271897946
244934194
701792411
358813120
404763715
1018257813
1301056487
1069501517
1011706948
1977024469
507624203
1862158185
580509476
831159379
915819067
243611112
1347245947
2142361533
1156543723
387785413
437120763
1312363889
1277408528
315563230
59949696
1714611024
175166968
1728298391
835363023
1208359495
586702851
2107260970
1453293689
1288495262
318590442
1858057404
159269427
1619646929
780075273
1170976375
1449187750
1287699476
885650912
2029697226
2118858855
1801469979
125824691
1318621155
1796347864
1282368414
1706406568
85984979
447248655
836331448
401548209
507198351
403458824
576715177
88013094
1238821848
1785074672
674715945
1198599170
1090884714
1963211208
1517189612
801458470
2122480635
989352893
1581533744
1145973363
291056995
721749572
2031624275
173270574
693124780
1685610607
299095265
2011745935
1334474823
1581463679
1570668855
1420459803
2028712334
259516655
1822008012
388427037
662975479
251239542
476440131
1901797327
2036314214
1151156076
952912849
979715280
966883636
322618813
1781173751
941880624
1311971706
1215223847
2087853987
1603028702
1936973419
1971994614
1776299276
482614551
1510121573
2075394541
346876838
697112749
1509374572
1917545693
2117572552
1390603258
29578700
1792096916
1779030295
692554180
2043336458
107986778
446867859
1932167025
1259142854
1399780709
764398657
78542843
1722399522
398088760
1020423467
886887581
1613312607
960793806
342432635
1402802379
785304772
2118731911
1885416930
147942698
2046642804
84810121
845055447
1408533728
2002355814
815144351
651653338
2031934515
459757619
283199985
577005047
355610430
391186763
1023872906
140293807
1650329617
276169967
904692464
1728872460
1998569490
1302781225
601812279
737973423
768610184
1562606085
1080406058
23928915
200427210
1051654321
1909345846
348369908
950813477
1994155967
1193425355
211863557
1849028133
2008569706
863516895
1733479000
320843677
1146716880
163000399
676454107
1537903643
1186873306
816747914
1040749612
1463043273
1721440379
622138425
1314129115
876737956
1223950704
2052102538
1645348140
639073142
985024948
1669277056
839500352
2036679269
1431139254
1187870260
840009098
1277811573
233811967
1051872655
979356058
94898025
1915389550
565351411
415741702
914622782
728351810
1092195810
305042777
1915225116
1908943724
1345792390
1230784742
1482900455
1967930815
397430209
212154763
1044397871
302049100
1857502904
1683471013
1287074048
1379296312
375487717
1176269670
662951918
1563357977
2016278768
1940763491
1797169944
920667776
772635901
1892067969
688573678
1337987312
160326024
1603196461
2066339123
1252521834
1908239238
1834080591
1013981910
1106547980
917381685
349398718
926995147
1314811895
561553481
1971393019
1616860995
271572737
1507380384
756451395
1650869049
1882868102
1932721065
166337319
1298742431
1801516186
2107100810
948428728
574700314
732253064
693013049
1263273992
2070240376
853339073
718986805
1989095851
2105860907
479742396
1675692795
972359170
1586290376
445590832
1321757888
365801876
1760402727
1883311369
189711247
1229780074
7400459
1697091631
1986231470
1658269508
1432476085
1771468887
1824606828
583734869
1425501425
1784223990
1532163597
2000201739
368993406
77692998
1115992084
291750135
931032072
1834978889
133362338
889409331
167237637
1809055133
1861768501
1753528014
107162318
1036042741
2119329890
1867565045
771870463
161557489
949861472
779270922
1858649120
788609294
290056782
1143641558
412594533
2114663610
1727376427
1838095959
1751403953
1112056376
1690814050
2120397359
1189749374
659322486
264663846
2120781446
346817728
398026185
862707130
514055365
59597670
576991983
120099731
166759988
1613034725
91945973
2034325034
237421540
253503462
836702858
1016692462
2112152583
1625312152
1306749244
1108310493
2037906685
1273929207
688203272
1728518996
877849512
1800259648
1271849399
850763223
842525374
1931171885
1115427070
815823173
130505965
1513453255
1678530303
644561331
1573050925
108038638
764661062
1739810914
1721073363
856607036
1626652300
1958494903
1110110498
315871510
827703717
1074779433
1941183662
2134452962
35606278
1831606699
1260898521
723809550
1412642048
2138748033
376585550
537007799
842027608
1219110925
320696036
1957454678
2034934098
451202002
1323424285
1565980753
1095763333
748991563
1674019391
1860424395
341318829
1247609107
569547783
1967971129
1058620362
1679658282
136358991
1886324080
606954067
2077542653
1873293394
642560346
1761665704
986708267
1366369896
1026824104
977972652
1742955447
1563831903
1820000260
814582724
1884527940
1629971291
702033174
188246294
805911928
120530279
1284009627
1554903491
1794549670
996950374
1896222320
894675129
1566498158
1716709801
1953295492
1098672792
1853068792
1692135924
1705626859
1783127797
1417945670
200703557
1397309854
257170289
1567073454
276650310
1235142941
1162545253
1840482214
907659553
1977127977
1577526506
390147196
531677503
1765772800
1196059125
652207782
902298779
603478968
299273804
1899249153
352217641
1193948934
1318263663
2068927442
999760778
269452807
1774512587
544413054
1975079667
1410156736
1962358724
28299576
659982942
72045365
1595373030
936633253
1307188306
610434635
629631819
67364211
440078964
59674677
457511408
971756467
1825447477
1653570533
1623964249
580262608
109565853
1923238054
332028113
461783494
969703340
1650291777
383227289
1969464118
1919744584
10256228
366393524
1747340603
1420412964
181268600
1775640180
2080395907
253313965
1223529562
869545512
1560502271
1833964198
1499177331
1627866482
126559514
1558852008
2085377890
1098315982
1236815837
1591464775
574796583
1817078445
1701030629
350550989
1622910
15330475
1320254329
1651914687
398557764
1142234799
1424175624
408813992
1508628323
1024032579
1829226957
1689896923
652189111
1762139216
1943210888
1875718674
484201080
1356229511
1562199224
1983378411
836612346
1688758738
1394746771
774506588
639591072
484078960
218487716
1214387656
153673757
1919518345
1564938645
155296667
1934848820
737709327
1807211355
185922937
1879944126
1083903331
594736929
1241088802
2107935910
276480238
783502077
612641374
2038619454
579229318
340876400
375336886
1935458829
1903075624
211231649
624587527
1444350714
1605978420
1399094116
2083941787
2090057380
1617581832
1150845795
96247489
1389616529
568300792
251544157
1176981701
1306010119
2058755512
1362904638
1038470598
995175195
1957641568
132075752
955627457
86638158
915577829
1568268831
2125257613
1494807147
1909145231
353110851
1282782329
1664737207
564342501
1907369856
961604274
22837273
1158980324
898062413
2112894654
629078508
2048908208
61658495
2018695037
469725352
313202652
1048193091
1775735472
224474516
263614081
666722422
1219649711
73772001
798798174
27793521
160410160
1714376003
1596062352
138184125
1061699503
1357723936
491294976
196998184
874977495
1055637477
2104368040
1836581769
1078474751
1115864717
587160534
1043885757
1744943225
488585094
1105544252
1616154615
958310447
1418746905
516864058
586562271
1643221421
780478139
1253284693
715387485
854250141
2052082867
743181006
1014660301
1618975222
191759710
1152844426
533191077
1549483646
1644139402
730189261
276977494
552293232
687073654
2113559263
1630767983
1802938371
553236150
527170092
1400397948
1041821244
1632714344
869068915
2000131691
903977601
1385932973
439210314
399715375
18927465
1692495007
1115102860
873177606
1597094226
1858283866
1887837907
1068585801
2050043576
893198685
1601776878
1452043575
389854439
184482492
1729021069
942147671
871556146
1695096684
425432006
527010869
100849186
952602098
1927408817
1142670431
437832795
648994085
995318474
1341810396
2034927058
1434528789
1741525771
2053854523
979540148
709144983
779548481
429150727
419945201
519902740
1497736528
322505130
1413101425
952029758
1774548705
1802955865
1136512250
1356086126
597619888
2008068396
903699162
1023051895
387595617
1004548349
1975653993
167520787
2147218780
266003140
816514872
995053606
1607813537
703958282
282098747
1201855660
610329158
1261638896
1911000644
1389877639
1690789623
183462197
1909780380
1041042503
505967327
1175398157
1993072261
133032384
830870374
982100864
1489118510
1428490263
842685612
245334025
304058510
1230281230
1249882374
132228855
1397802017
1249617506
398231996
66833241
97187464
2006045533
770791523
379286212
1060417545
1381120681
1640925108
823934541
623514673
1184231083
1007396739
385811405
77789938
1513364066
1561209562
2070862199
1646396451
244596289
905479415
988031313
1673086552
1748165028
1233365338
1977145062
830962610
335764064
2109373917
81280979
1585381570
360122265
148114220
1682569035
218684150
918905743
2061855247
1279101696
152542777
1555296707
2103036237
776057450
592044142
962949328
1161868855
669834080
328829747
575594769
593212631
1975226198
820191058
1498692047
815773863
345793962
1099373427
2049139202
175455376
1930336037
237419618
137345646
2011617016
1822801189
497467911
12247588
1357886576
716152062
931153331
1272258175
1995253758
1083696108
680071234
1950806347
1859753558
1272115376
766272028
874138765
1941949456
1095101775
1449733535
387678439
922844325
122440945
1886370486
1738618188
468234908
838260265
1640273742
643690284
621112654
1877693361
781035930
485246022
1553010902
1278503842
497493610
763413830
1994655904
1428646942
2035672005
1842426014
364859402
568259591
1645748713
77129313
1840374967
264537093
951268078
1634840775
1359638868
253517965
2022519214
134999545
375958911
1761406053
1873617734
844193819
452182670
1366407828
1487884103
1073295325
1096617541
121436386
1558541347
502144795
1399940228
2056034958
1265558625
1247112484
1337198252
1153746982
942054850
1702057654
1722006573
440319915
1779186967
1414897892
704857009
582971398
902255019
2064495877
836489363
777290586
52011775
1212448274
391212991
1925629509
2056642093
843395661
1144553689
1397042549
1916690986
93687583
1518478935
1327748686
595832378
770935515
1236299996
1861391004
2018047999
426014600
867654338
812619201
2128072254
442177264
1252939116
1759775574
1857075156
1957796125
195263324
611846528
1874808355
1031752687
1389137114
1926820130
96717314
1780350105
1704965991
5875759
476262118
702036032
1402918308
245469457
795723615
773913595
1573218143
1391555994
1544849110
662034491
1105463350
1415413461
1088049091
1973117688
80549014
1068637697
267811304
1333488131
680929623
2124886461
1143800608
876192947
589249341
871125315
1907945635
1978386455
650461797
2004662949
1611252912
207944140
2010538708
2087515030
909980173
1265973369
185500839
1705703788
2039886964
1758718982
949776134
1437252427
273269825
2055239484
705182240
1361318916
1880873525
785731255
282472966
1201181
2119219386
963402589
2126087642
1115536346
1839595537
567853335
1986661662
1600057524
398756142
489639811
1457236825
2010009054
697583952
1320291885
1950040437
1607564125
438781606
2135541276
1165784265
331184923
1746776611
2115560400
1768437350
2020046436
2023316236
326135942
1233881705
1756706113
1111867197
1516354671
1757907295
1083602935
332273612
1736511289
51655634
24385501
156880977
2038317296
1624443025
555637119
380473459
934196202
418162526
1078057411
107004440
220719315
538137888
545786046
208776943
1703922154
876970969
1955553554
1671998906
497924671
1828116343
1547831494
824060614
914514400
1157053960
1935927811
283385423
767477607
872047099
615659035
356505248
923702733
640044537
513386225
814536381
117003914
1069023345
1195009840
1051200117
1487185871
125583604
1158204557
1707905186
663721492
1703990603
1916682129
220159998
433477925
1724752036
1892158904
931402596
1405384731
1292506751
1755463210
172415483
302077063
1543907374
455800906
1069554670
268470825
1071459941
1426059918
1192173558
1711504478
1939446144
2006709939
1828508393
860985841
1054236131
732224862
200688064
1179819735
1890429419
1908593250
1843541228
1446936374
1677791731
2063701226
1880414299
1255060119
1808376483
664333248
512961202
953399586
272312810
685376685
1255476649
1816220184
1141177591
177547671
2084691009
65153885
1603607589
1129380919
1776658363
1395570085
988607210
1457683108
109072278
2042843342
42424322
309760342
1075179429
1932853741
70869944
771237009
1232306468
1748661676
687454588
965237119
856238147
348347423
1629570367
1369199350
1301747009
1901883178
2054576035
409740010
1570619714
1048269979
587287681
1507827076
1113423864
43411622
489724347
742598579
1438981708
1478331558
52798040
1548053986
1373691252
95222362
1857814329
301387033
2028076104
1928684273
1072624043
1112898924
1529862301
1760078631
2078136043
238616801
2108426054
1560222763
1607816151
1262689415
1314622293
1514908538
1672429425
737758359
415694869
112233458
98101787
1529118733
155645080
587826135
124233665
1594626788
2066157693
177031705
995197127
1292365297
272254067
705527808
1593752330
152846523
486728433
518892725
1265745447
2016590735
131487708
1196397843
107723888
92430114
609136958
1715540039
1355119529
1923759251
1082964929
880065306
514033962
1498659799
992298764
612135750
880294884
1147943845
1199961885
1004528549
595086985
1118635930
1181560254
1590284112
263517579
1453814322
148328272
1857269909
1606660845
635056706
228678987
724922645
504163793
360166695
1921320488
611887681
452596810
382973798
179944072
1807716339
159249401
1262909001
540297998
673283363
614085152
1532596762
1285419113
1494380037
533056959
337897350
351424938
1128143945
1456533280
1532985193
570944409
1720050859
839315867
719272682
1429837121
298493064
1354329388
1658516108
1023415709
1858493181
2018682803
797252549
322897214
323795965
1180226347
502841286
2131512305
1339475748
1765750287
524326655
2012759112
232351792
2056923417
1150694577
1726731829
442496729
1488591928
2078156767
1570640674
797641560
1463658312
2141585083
370208772
155490531
713374117
1800045893
453983596
2067703505
1311078353
1477399305
1778713038
1182277508
127168207
2101610252
1506073474
1307394554
456967890
1490102131
499386655
75234530
2014428786
364662119
307586322
1923868555
1515356696
2034318151
218881636
856464976
1964991270
1789522310
1654106537
1281165935
1783623746
2024315309
1436656466
349514215
1676877554
1890640062
269734073
840472259
1220555720
2048447111
2022749767
1347723927
2002573716
1381339593
507634833
312057958
723958076
1007021488
387292488
590903214
1371683607
694878810
367288122
739556656
581713313
586169758
1596021632
399220936
228208421
1102644521
1680386871
2011832167
979476182
969559689
213862734
508870088
712716104
483596807
1349342347
1933271824
384560271
1224608467
1133512103
239650339
458464412
1641146936
551708297
1182422489
500684777
939000786
1773325703
1872368384
1633879596
2140613825
464441392
68109262
579299936
2060463025
467330198
807508357
1015623898
233421
671856876
1995100081
969793110
885719610
356486521
1682509214
1369316418
1705828869
1468297390
1753876689
782953688
454325845
1993527028
1241418100
2095472782
397751677
276356941
448673911
1336752463
2049682645
173558647
823148412
2042812822
638000040
891257674
474629110
550979417
1358587872
1282137467
1566603315
1358821293
1953994343
1414219748
181130755
692230306
1770706270
1863639970
2061546724
1329051491
1184453712
1667939765
2112005179
1638779558
1513983145
1205939631
1586768692
1911734822
1482296573
2035442603
1101003638
1384495570
61517602
1924152050
1279824744
699517642
667926076
1754453855
1250497059
2026513948
889107674
669616727
1237851593
695618370
2083836475
1418982348
1387848676
1707059097
1135138670
1301911752
888626940
172108735
822367869
853148471
1810888293
188867366
2059088103
1250173337
2100602188
1393901028
1138132292
1054122178
630912950
1199649894
830790580
1910737694
1899167537
1498716656
1517707901
1002180948
1377746956
259331928
1671797675
468114901
954950298
1608150503
1887097250
195315326
1167725952
874752272
1497227078
2056352893
1046861007
172111299
762017716
710265652
360978665
673622171
1960438989
314097205
2067523199
951087633
1368219384
550952501
3253880
51526316
314206548
1902421417
1550242973
1831914449
757118717
780506281
2091246377
281432745
1248621183
898713027
1889583248
988234785
1094028353
909825552
1862987057
443771783
818694797
762364417
615883082
1580712514
1472630069
976861747
106851037
1285585411
1290958953
26890589
89189396
511694689
577843090
92443276
563221005
892049638
1994864693
2113463978
576480440
604499763
746486612
520243169
885932508
1995107795
1418956197
628032108
835858932
365500902
1537857660
551362341
809272686
209068810
1313726758
1425155768
1789781324
638873180
254533868
1896632361
1924458591
1545492821
1923522950
2013647987
2057187510
353882393
2106091264
472924867
1245932031
1953472309
438905198
1822412471
410488424
1185391810
195171993
1296420932
1033015957
1614128190
1924453040
1868874889
1979629092
1314827053
272753582
641418130
1523895863
1586480341
2066573899
1166193539
77869873
173624119
915342252
2002328464
1719116940
691381555
1868492803
1628820802
1045263948
1827100419
2101745669
143712331
1633089081
393167219
1966124803
2043577505
1578559029
13813148
1192514790
464091338
1627941338
969484182
185482579
1460086782
136827587
458236162
2101504913
1660723450
2044716503
2020595164
679433341
2122586376
46735635
1594775594
1977431192
1765852575
138673501
1698440347
1247189729
1183937449
1378057119
1201451750
1327649780
863662552
1594618970
1146290935
759756409
1025694351
1160104083
1952271199
1489785690
640561773
774271734
1675268269
2100648556
911099321
2133504431
2054669821
424339124
2030737286
1927781337
1103772465
2005840014
1974516972
551064411
1835787558
1592885899
689737912
1386744258
692591980
1873675361
617317729
1894043730
1053841494
1480980281
1341179052
52648781
93253042
219389756
1212752865
2045524242
1709175446
1853314638
672312328
1236960067
1806479546
1583411649
1222980851
1713665719
2007750773
1106234489
1493963408
964039591
964590856
1320996732
1515104002
652894766
766398983
57358267
2039639024
1458990963
1931033628
509473105
1205551046
837391474
1990453386
399246450
890040256
2083706429
618636206
2102793121
1981747023
180328004
1808624111
506575703
1417288072
1467620010
2089987352
492785275
1033802081
1950254478
1599019764
380281842
766810421
416126972
1701278574
134430775
1069021739
320193910
191789042
961177115
1779184873
2122822671
1470650221
837252271
812730497
1313619959
1236498722
1702770753
1249842740
1855134928
1658080226
1084106115
2035462933
1319220690
1590681818
1305267357
639357052
1533185523
1798052632
1673159133
1335956353
1249588748
2053440975
2102766774
1665715721
1607235902
89713901
587253812
1927429812
281502944
1548430927
1559131037
256841967
871597500
248899661
1069572464
37733812
1485398383
624859570
1287576552
1193049663
135456148
224199020
1081028948
1454676838
1814880838
238812657
2094033890
1200582713
2036865289
1619709376
389055418
1138970390
1525666703
344338544
657202463
985418957
434052446
1244456275
765365121
715555390
645403554
177012511
972397357
1517001055
425912172
2041969821
1554734867
1911310555
519345743
694827771
956876570
654801892
919026791
2037905519
2109478730
586423982
129234528
2056028973
1787006695
18616170
1528254701
28578466
1157586560
906437756
372917010
1814789023
1891856714
806969456
911761650
509738187
1522524846
1557165204
686750698
347438555
926682611
1112662870
241924729
333933830
876489777
761270472
1028761602
1833366348
1416072364
1947788393
1723788219
1378067447
386728727
1853022747
1286612772
26251775
1871638917
667383825
54830241
881741829
1573821581
427747251
549047204
1318194647
1234716708
1460808854
1827932835
609757906
870490411
367199885
957196462
1797173022
1479862756
1199121191
2131106853
208868885
1960391663
1012384807
2042235233
1228980380
812689552
1618539804
459564179
1199418280
1324078904
1746176951
1225670055
1048234173
266077128
1280500296
1929976003
1839898709
1708247547
331539559
1010609709
795480607
1792348414
691058896
1405238514
515355177
1058258781
214951328
165044551
390637889
1414072519
148667756
599506775
1226980534
1161052563
494258360
308477266
1973742116
2112798165
768041445
1025676748
1289393421
366734748
103863155
190143946
632811876
1384363451
2120119949
325226938
945127350
304175861
1335836647
1740607958
2096524275
2026895543
998362824
464395804
937670676
1213314152
629440355
1328308566
479903023
778108112
1927815341
1706883557
1939160675
274590053
2015360824
1765419143
239904570
635918621
643612243
1529297991
1002653370
747475398
1719441938
1635465246
2131838849
1692078239
1960692184
929482552
1996254100
1149045183
522606862
1945294727
1028457078
1520969686
262206883
1966127755
586800190
891647239
1146952673
1066703213
1669755351
927284366
626103122
1461432378
1201874419
493980298
1079367874
1441778990
1129898920
1722980117
823593333
2132552290
322971868
395551623
1620533888
307327069
2087629863
1433742425
1236809621
1936400315
435303960
1759416483
1734211395
1463761039
1132902521
1996418278
1282405146
1719702711
740581869
281874171
638922276
262853572
1209158537
1265025399
1724285951
263549308
1759005697
656170177
1705328298
741420969
231666646
381437984
726489611
554638514
776989607
199539852
861965584
717135822
1633282277
2098775205
506052490
2068586237
1710708041
92780237
1384863628
696126914
2089198515
519785126
268345978
682296737
801659297
907268254
945150309
2010817834
24810005
521952612
126883495
1783815703
1178122789
1832211793
377753024
1409789436
66166129
1104242636
1964427950
843155737
1303782488
678909886
1560291559
789581117
630201444
2066344049
710683706
193425837
11640638
2095547335
889552751
2100839154
467848813
1157898729
635652243
1269508111
2065166984
1580802552
1132842297
2089976989
2102755165
1259725792
1726309044
1133394306
944453938
2104062069
395700094
1010620067
1060821057
212644397
1853775804
217119897
891554283
1266583716
1006701014
1521755727
1185444117
1717384720
1715181564
1197084756
1665448407
457250668
1150440262
2133297221
1615149397
1786092505
1255321684
1532832733
1219411409
240680333
1475326075
1174682926
1500406126
1054151471
160593585
297376416
1010729892
556293679
1307996483
2071550949
768938076
1014288640
141187198
1660492360
133388708
1147888212
1034764439
1318832825
717789285
602462356
368433933
235754044
1059713024
1518874195
221567617
527378773
1157483052
1476889301
2060211507
229410814
1717569635
1388053934
1404093740
1070492113
294721757
1564687325
1367868529
1305451650
2120981005
528381364
1229518951
742435433
1542670004
1370706150
255444145
1676058712
371110714
1290208585
847407890
1088899999
1892670941
1215841823
1324654044
804900317
587232371
1546221661
1332279090
1744715423
875627315
1245006949
1974126237
445713302
485577235
1230736330
1516205415
780298993
647940007
736590296
2085750643
621437364
1264971660
1167785946
1363872798
660158017
391008448
1619316943
188733081
762119163
762041880
1036140971
1851019162
507229173
104499147
1028189558
1312129490
691731518
426927572
496924933
288963293
1302554887
1741931882
115605883
1748268189
80025470
1346342213
1116989956
860324463
1994282220
1853580252
798591458
468235937
971068264
1966377404
1832108735
1631226281
209902205
1303942030
1819959363
972021368
2065983911
708616686
675556882
425729436
813115833
1703746441
1737858927
1504847351
2130674013
87300212
1793810645
1285745252
1829232094
1909416528
886529793
1909257564
1108275093
2003519749
622098379
955073665
1709616353
1420689837
1423309602
533200969
1239583594
1107934689
16943603
1449485799
264393072
1836902966
274023519
182893335
398036004
949580401
608622771
1211151838
505843194
198998050
568515541
489033559
286298262
214842538
1774778811
2115530357
2124259066
513824956
1877304273
1085050511
369861057
351919005
2040124177
2079477410
1772608842
1315950131
465194732
864708788
276401173
482138335
166710939
540794245
171557653
440734458
723687580
569593657
1390314860
1332310351
1780745495
1896158054
1531308402
201777389
237707966
1817606664
416619927
2012486777
1785653373
393395346
378828086
1515473999
1478445857
748689143
1867393004
1371086386
680682906
1492518198
539552870
1145877638
209743339
815954043
1628015973
376454278
1356748288
1799573626
817188737
2080435868
221683635
60019949
1265262571
2002429131
1956178003
649087325
56722872
46402321
319210342
473342799
2058889099
2104863715
866738145
290233537
1472854066
197700355
1038922680
1192763422
1568786741
1719605586
537797973
2108339611
717999576
747541312
776810006
198531901
1123995590
2133558294
1998105527
1941184327
2066510514
72305515
2001204276
1184289438
2074734646
1809898632
1833376763
2131457518
1856300953
5103457
457316669
1767706404
2109967173
1324054815
2057939941
1435337591
1521755170
949378974
480617366
943058263
521500912
1018415339
903914227
1239500489
1765956651
1680724233
1438032390
742468593
1666798880
1288654270
536169273
1585825746
1360959785
389889901
622631536
1288210783
52304885
308524652
1272184653
1908605839
313628109
1729501322
1528828595
276111634
906072489
1439284889
1711449226
280344011
241180215
44582944
1223402275
762681127
1062998283
2127316502
2002181616
681471286
1660557087
1292730359
1423939879
1179872319
433900981
1960109152
618214418
1794860766
202515406
1240845954
935587901
254820291
1549370606
60288906
15942482
1862998716
1789790228
1544771078
2139110350
548379070
836572319
1703075928
828723081
1077752534
1747658872
2052125356
1840433661
663173507
2031958210
1695131630
1344644793
1545031650
840378341
621101025
577420321
1274279322
433726529
1195634739
921656440
636241935
288997046
1857244341
891062227
1838367652
1917533247
907004709
1553882720
1559839827
304292139
1545509423
2108218897
1140864458
1101101703
789458331
71133344
701276928
694100039
1911567006
1364450435
578574602
1459214988
561611581
2123606252
152109681
1182712606
553542925
1426389003
1616439135
1749177665
200561795
105197423
2038174711
2057806136
996259650
1729058715
1827855735
1903264359
1135457788
1240211914
60072851
533483563
1200947164
1200937309
1634585266
1990405495
1272070654
188378546
537021886
1036154012
1552828982
1115596488
347885352
2114440563
1091719092
499995033
1149669521
1645262018
1926384036
618625008
1246956035
2126945831
723822431
1137647098
2037268319
1720082081
719222165
1717640406
1475862793
1854679953
810368672
1535935644
240679868
2011315836
589389305
1875265135
1854237683
1861459959
2063643681
243775922
750130323
1468989015
1359372410
1098015675
1435945930
303607855
1598010708
438131803
1948869873
1376911096
1056756812
1048342260
1356373279
1780579243
38505710
1246157950
1353177677
757727875
816314708
681556822
464924181
1626683381
70008818
705604049
1490515569
659398123
433385536
1197269605
373374435
349545570
1441045527
1123504758
1818534585
652934289
74036786
1106996868
956542144
1672047494
1545128671
757928369
901474943
454401835
1806270629
110364574
87497431
1844776339
1356522525
1440675108
455020567
25353585
2122231930
919944748
1652036966
44757100
1625548797
995068888
704155223
2058934334
44854845
1077529658
260996256
1485900372
53550769
2079530841
2138834661
127587555
1039044061
947893158
1799635049
436689085
1705821527
553626344
891090920
1364608509
663990919
978588351
1061901200
2020513444
271779811
1516921767
2045867029
246528093
289382867
1550420348
291285193
1914931665
398005588
995440417
1826382351
442860433
2072970075
2087378607
1928760805
2126520844
2019425800
1920111818
106624751
910986214
720521328
1906259801
1347675299
278859208
312402497
91282571
1643467717
976393416
1069870923
557885269
849423212
1341650734
2074807037
747806594
1588178828
216706256
150743294
1879464021
2131637921
548748882
727420790
1810536624
991609315
652907218
1750431583
772886472
631944414
1622373736
545514642
738569166
385876302
1266035971
497345319
1733551601
1544895179
809747816
1824834172
1040879248
1786141233
747221447
1598764517
488080797
2088872182
1526087906
1235887391
1529567362
1742794163
1386630685
1261547735
1726948436
1935379567
1988968526
1390001413
779505234
494392096
992949348
1552391706
1126336510
467839436
2097906349
1864905676
853715738
1216458672
214767347
439783691
613870203
1024515164
117134216
1654749451
663172749
864355663
1106030320
1151253546
805744197
484634579
239657290
187827911
79945094
1626287975
1449375647
1806893530
1414183895
1290860525
1049411295
46205481
1785252621
2042360644
1598597188
764105483
362716432
1549019889
481527512
1216432171
617994913
696294859
1656215862
1231865116
1720810023
1773350078
739130919
236499124
490222094
1845161239
1387752671
1295966291
182312170
1627409961
1483794203
262257264
1106214288
785686202
2069150795
372914535
2076546727
971078442
419120017
1714315700
865955438
2017717205
330937535
1228671871
1419253446
812465047
297620394
2037248359
1508759907
1953836256
1121629827
1082086282
1579702687
1860760746
1318585407
2069924781
1558438337
558854430
1218407424
1740750508
38780743
554717979
2003007772
1144995031
1340404181
1924674919
1517909567
1269467260
748269714
1937029584
836299312
1614225152
1807263141
1167236848
695413375
1079032939
1979701895
993033769
968797650
1340978154
799386378
2090427477
275580789
231605417
1803704575
1594166196
154046550
1214659264
5536978
1372453974
807926124
44317721
1927171954
663450249
1189312752
1120092487
440641520
559738671
242076100
1188911234
349284607
1078375412
655652739
9064100
98128612
1351066114
1088097039
2077830508
196616236
2056894689
1271325014
996002614
1999838518
1546905803
1227608031
1656059445
993588351
1381654581
723235062
999125329
606624907
1531161186
1043443050
386313213
47127787
85272155
1506405701
487769308
645010826
1748481801
1676680542
994295434
679373565
184849633
1003359534
777502178
1535915748
2091456574
707849038
1732531984
2000867615
1979174052
581050950
1853222486
1378596208
1808658981
1361798283
224700911
1042829914
2085033345
1223826241
1649454821
1468710884
119785643
2035768035
1515838671
205057798
1394690088
2003607979
850068625
995688241
1532804874
1844364059
1675061806
1717654507
700239945
305080336
1106086607
644212871
1012929374
691134943
497596839
844619779
1272185893
203335677
75732339
933361226
1565133960
300433250
1976191140
1502683658
1524259491
1478162314
823910894
1644045135
1366446701
192265917
1849102933
613653141
48390249
551687910
1609341382
1581195123
248568321
1136919540
1151365982
948808267
1441999877
109968942
1593021138
307445603
801103885
2090617977
1152065382
2073289779
146470006
1227797721
859167357
1711603967
1528230972
687874850
1066803977
905006815
18553516
1890714871
401568302
1385000217
2082980788
103187588
1998653358
2131371037
654875498
1460511092
1565082512
903443820
449946984
568964847
1852252087
1891946861
678933789
1297789577
51908817
1480037674
1240923907
1203974199
1405843805
1387393913
284288273
117527515
951514232
1812519245
805402365
2018318209
570042412
823955881
1761549432
971610715
61472450
1697046573
1074798303
2060125808
1680933962
1729673801
1373153252
1098532827
485633973
1823100236
1667497674
190402412
1567563450
198947815
1488191990
1619472267
1678985489
581632249
675962818
937345647
1969026162
960251091
1054873162
773056747
625286688
1860275527
643891308
1195329101
536747760
257957093
19456168
598220210
1955003666
1094254471
510862370
1488453980
676444624
1884015622
439503159
1162078598
1559632210
2107000833
1352481010
979712012
158465000
693189352
451700631
1837450490
1274821601
1127663450
627312489
1096364116
2087914541
1682185651
1869420863
565717582
1394977530
365828523
1761046683
1931725290
623785616
1780502851
382461852
431305634
727273674
893324222
1919759615
1403718298
629856196
211779126
418313248
42004758
171296312
1770794259
1021716771
329761312
316499963
1473417402
19728154
1591321565
453597204
647040643
540202033
394028098
181742646
262139248
959745680
1576720176
627967771
573308715
1360961818
1251753388
206327918
1743423670
1683059022
933601592
489264244
1455334989
189836242
1119120440
1667114116
608149491
1161125199
1838410428
231460102
35358322
20688092
547960065
1508775724
40416247
2139281630
1962372929
687456890
532000015
208917379
869199537
794139263
1168663059
298436065
1422107035
1741971774
1659397884
526376775
1948299692
1255337906
61952149
734417636
1744602151
1517287139
924253878
716238943
1036917607
1532403369
1877364142
727844387
1763863471
1912722464
748532479
164339889
1274014541
788948726
156137871
1088903822
1476405617
688137887
1297821201
198121506
1482277150
319000612
496557571
756900537
2060972386
8471807
1283277312
1861788430
1263809714
1345229462
448722418
860928217
715032953
1372976296
1577167160
1751950560
757896018
1307047655
332311299
374275841
1072286471
1080843778
538615730
198817364
1869792505
694753602
1287721186
1198714474
1382891489
438058739
1396835980
717684991
757059351
1893393551
1474585529
670548089
1901865359
610379193
384852871
1018191425
1955608655
833575289
1879119642
523157960
59067938
1308803154
127624872
816963956
468367161
459936171
1191239797
1540653633
1540779950
1729855528
1739470997
1263088807
277125482
879708536
314319633
1660016971
1317767275
1711155613
230218314
2074826627
1457065516
1704803843
597891068
1211447227
167699389
982743940
82155004
2123308044
1816319229
1961274646
498982357
1875387167
1122594153
626607229
544867475
1590961314
1086543401
1736107273
984131299
479839703
1318479153
576118649
1742928510
1595604635
1455827185
2057248143
1108137958
626110812
1620920108
1338356272
553453791
930501976
895676468
1151344860
2141949204
1063375857
2134088800
76620560
1039200253
1802924381
2037895207
1538182610
1530827901
1013005712
17306192
2075695376
456483378
1103849593
1664319001
1440614678
1583689296
835314506
2016733327
1179134158
283435493
1325076864
1088898653
1391573451
1951187676
562335113
582446076
357157820
1492837089
1478122544
1508502680
1487302645
394014753
1495107832
1563923206
1433215006
1150548565
1454334765
823913969
533892818
319856829
841220161
462104547
776340207
1945069754
2126423548
69471237
1381275402
814254407
2086204564
412925912
1097689900
1263797780
1501824565
341779704
1067501809
2064159678
924225780
1424659629
1409513119
254864676
785678661
749332117
648879429
133302845
165771675
2082094435
1283851410
1620106440
758524756
1817744229
1939963269
1599744917
132365128
568819828
1397331023
111305028
638291066
631122777
925559435
577011982
1044048689
2023249336
1840809763
398389606
217545392
760827924
315065636
1141771172
38003905
1724578756
1396635848
823682566
326427225
2045515277
956985411
492198900
1980126064
93353173
2112305340
591167173
1911097402
1904784961
43428442
2043462530
326121141
1440759466
7283911
964412207
2071882243
932843346
1541424190
968447285
808609034
1234750305
1366836891
1026154426
1995578229
1681902528
20441950
2033582134
1258997636
1417077798
709781052
1585424861
1315109427
1666766463
2077623761
1147751844
1760119636
2042445453
1738919017
1523733391
1799746766
1782347459
1419712273
2125867907
1075623277
1426996184
942796467
1000021873
212355883
336737009
1968469158
1020964917
1571487314
1187822401
2047119344
1419581895
722241281
2067561294
1305680381
1981238917
1337155445
2015461433
1419180130
504781224
1534744248
1349320243
1652533068
1147380236
1244282048
1243968437
523629979
896545166
878832249
1943342253
874929426
1954455526
1222854789
1817725893
806993751
1435210672
6979254
627979261
308691942
1578466568
1815801663
208327638
850564815
390559296
128405284
8761548
224314566
1465560729
2024222981
1643494696
1970341954
1411483581
845331292
1475391374
411380169
2089613340
571876164
935010149
838674859
1450708413
730868754
1713604285
1257680291
1953723543
1383846530
2064674043
1241450568
1390825784
545169656
1550142510
821808704
213487671
1758470148
1672373519
604046968
1886875432
1681135067
828361534
1204952514
1557874400
324372582
1027810820
821874333
1169703874
355718546
1233254502
1111833567
927594710
20781003
1950508426
230819475
751649757
1516629063
1488499767
557889653
752991945
1405690162
1799340221
2143817729
1950859818
1201999083
818142785
16863842
812985583
343032656
620910810
552377367
2024167723
1449272344
1757329881
1434558475
1773644926
637657053
108949160
795865153
993375600
1342203662
1907698720
1920970310
1362984666
1710723498
4306138
2114634423
1079868913
1492805905
525040428
1832860858
751012419
176897001
1829194939
554388589
1378896084
499854076
571252431
44398019
842886732
1192163241
596775387
719570807
493951937
206621620
6645634
120113216
844278674
115594794
915978369
1837654274
1457798456
676193441
1611140936
673299474
239433291
1615447074
640450250
1319302204
960769331
1165490678
1004679414
1711781750
1342387680
686390705
118686692
573800116
1186244781
689939123
618198136
2029131513
1882102365
1214973523
601218672
228570654
1421595143
607864306
348683870
118390169
723459100
1264662239
1956044443
33773908
1940855680
1419701732
707073383
32805323
887665158
1347523633
1352107527
1848434490
365530663
209303293
1412732592
1707918343
895693998
1531419284
134234812
2081938779
73874760
752432948
1963586644
1955977125
1967406471
417321668
37064131
1241517966
1025185974
385748002
1359908136
1748645074
1650410241
1168468931
1782418983
1443782274
440687015
342008718
1476587597
1328352174
1689532351
681211477
1029303016
2055063014
890514770
294551960
1615497710
1786208769
1825971245
1749732522
1720663900
1899846005
354681822
1536766897
1708339482
174604645
1954088565
1745403613
1416122611
831790892
2131151615
628547099
432952318
1634078209
1797016031
67887653
930376835
90219398
409896371
259480784
1418571572
2099428722
940692261
300390940
2007008089
1831207032
594942901
1475022151
1469932153
273430498
1077271025
1043112405
25792855
1431952847
432395654
1734132337
1606557492
239000572
1332052302
875196455
1070791464
1315720270
1503743555
1503743782
802314831
1153275938
1571631436
1732691666
1243495336
1981527807
1992172450
514583261
1933472882
785381064
814974201
1792997323
469104448
1409917102
1120535826
1939036601
1683347600
50323203
834665358
1709140455
1482276050
1267061013
1295789144
941349894
1506061585
480357799
1816546349
429369401
1796078069
1172806256
1933113183
450909252
178598546
1357260971
36117270
1422093883
1191305131
2028289720
1936677144
977294365
666187136
604167697
622808040
1135291584
2014084800
1743343866
926844537
1549948752
1793667069
1761509896
1111605560
1128459471
881087261
259911056
2069809365
239665198
740268855
1738872066
669034599
388863276
764194675
454664134
839772528
942793221
1811925106
875889798
217403456
855746589
756695871
6596952
1833040954
1422883007
610764650
308365346
410690944
477365802
2051709212
1337535481
2027314554
1697892633
951561729
991436466
678868456
1832648990
1251347523
601194173
2072314188
1991616378
192582591
593865139
232996007
956777266
1048529274
1072768535
1899570488
712970732
1948658334
2116973944
1568717321
557870557
2123570897
1254274627
1980753564
586851899
1562639973
243960860
1064217701
1466865537
1581496342
944048607
1017274522
385574423
1935485074
1696142978
70739766
1039348949
149853503
2143053954
883481679
342436094
589435446
1116477686
1299213361
1637964720
41762574
1051300201
203451804
1990420908
1020790497
1772169125
400807817
996877746
878960104
234077733
1583729645
294116429
478038594
500463698
1760981966
2059534936
1444512306
630772840
297625711
1232513732
179432170
368365477
124379033
329285673
363935784
1007860712
671721767
953371230
2124338399
1970935128
443852302
18617325
874751681
647304106
2009038233
1895542179
271989583
262362402
744936277
1150949687
496440135
181182275
1445066116
974478729
681645973
1058564434
886530017
2126158279
1689337274
1184155729
1211188363
1868769444
1552521206
1335567396
50571469
1916456990
195944461
722293236
722344572
172799212
545744717
1166196874
191416537
1420496398
1813500980
52971122
1168554929
2085490563
315333524
1913491207
1088956602
811773659
2094673482
386539070
1786252389
628835807
1445103504
525298758
607510439
986957130
1709454487
1818698802
708242926
1114492046
1006782551
758814395
883465388
1202727012
1481107632
1605809961
1375526224
2026852349
624523187
1566942761
1299865099
290540520
1619913883
320936381
228547435
1935247407
86943940
1317504038
599537418
34133774
1704043108
238306159
662969581
1001662965
763604918
1270480020
1988620095
325575757
941695175
549379374
1440067803
1948477726
1308193769
176049544
1003721090
641817753
1781859505
231763666
521186454
258899044
1798706427
1821051554
549439564
1271136662
2141987935
777987000
1058900421
81448227
2095491038
1658437839
115582001
1652050498
1896743999
778551582
506229815
512865269
2049031603
347366263
838441026
843243130
896745637
131025182
644237208
57455758
307074726
1647958298
699273512
2088934231
1879721964
1220459966
200349627
1530944743
894027872
749789192
654597757
888532159
1527776192
1713498178
969980386
1475783582
1224452369
1085562387
980350432
973712720
1864113970
1486580248
1486577989
1765661925
1833946511
177535368
461421407
583208500
308560550
1105658615
640664258
615635276
606133265
1339937770
557085859
338371581
412914089
757435486
1869316324
1306941961
1507224678
376430433
47990473
887517222
2089928611
1017970859
215817156
1166897332
2103533247
1196167589
2140610053
1820163569
535264189
1479704394
1438341846
221727052
1657239762
1899763253
804935552
1965800312
857938220
1445599810
433951940
1464071485
638053933
991037799
1802443066
1050968022
1748473286
1524275742
210426335
1108214316
1900706175
258416808
1995731539
1843151138
1276387668
64065047
862564822
1232437267
1260232636
855691227
905117188
1795496825
187911974
195975386
2017223877
1845151736
2095738639
674675781
1663468401
806193211
2120275592
2097420341
122781048
610845877
940974493
1925224114
1661813899
541964131
1302016208
1872240234
1650178447
1055238735
2130657043
1498426338
750906225
1259561063
1562491386
1613471047
344514682
675240374
321678627
1249631870
323253552
509590601
1445607256
192993781
207258689
1393862247
867669563
1870727090
52571810
840461507
1820663784
175352858
1451307384
614154629
2100576972
965637635
1156118760
1255109532
690394221
658813559
162864619
673567616
9756250
913770844
1933128679
1572247636
379758243
130159713
100004362
701436870
1379791583
423257914
1211027471
677915191
616251696
1418286161
2071777438
1483921259
1141529603
2124349248
176899118
814709739
152218458
1628206502
1428864368
105311782
446360489
437499480
1360421314
1136754710
1096313040
1523285933
1810322327
1106069290
289573129
1595967358
530833278
669331373
1726127072
630837640
1370768243
958435007
1054095555
434312067
1636350199
1670347251
1852598228
1560643989
1006784862
846644183
1537509590
1183683980
1661353923
1689728048
664406834
942734643
1795039831
1110767323
1380234124
1007977497
100038385
329063516
383779783
1910360712
1435132806
673352912
1358844423
1965966084
1342684285
937487847
449320076
565968881
1895922854
1503415631
1000280948
1384789405
1026279234
705395528
797949747
2033064096
1552039711
187975689
1069264428
1065909986
1877703737
1733671262
2008644630
1525259920
696954937
1241395106
385753770
796993323
1570458622
769533553
559870387
858107780
1442886465
1918714810
676590216
638087103
708719009
1125910292
1204055984
457158216
481842276
56853284
1841947621
1508121510
762248812
492413720
1393701959
166804875
680389409
315482739
1232714862
410609499
2049154002
1093875844
1935869419
598625291
187787302
174139541
1395618614
1758245924
943673094
1955489002
468870056
239075912
1726720164
1145460272
877163015
287955526
123886916
2081218999
745113742
605729192
2138072283
439577715
2113850703
752837447
931991436
1360069014
919642322
1612380845
1675551753
4873536
2022990344
1577222107
1098749380
1811376116
28363751
1286536682
1985515657
1423982365
897298958
781705104
1231987719
1366169014
1020781016
811224236
364145638
1897944031
1099179762
488032555
1831679382
1844293504
1093761747
1822268017
136387571
1060128802
427621816
1068379007
272714168
1347264138
533276205
1948265922
1352137675
408782901
1378004381
303403407
72675369
1406368132
1589940090
2058191027
682866850
339755400
692412483
1914854569
1705924415
1713193499
578595157
2070070053
1463653882
1677774919
410618960
1147849616
1374584775
1504380708
822633985
1510972347
417025862
1250255801
431867706
689740031
450036291
965143911
490522305
1802173966
1373926813
1868526686
2105577374
1446602182
1127411171
1548033816
1357309561
1810278021
1887789216
2049722044
1577648942
1446229983
1615431895
8760452
1368816389
931602129
1686535371
1779435349
2079451745
913636499
1136332409
754602082
277125198
1553358272
2004857883
708992904
95614655
307410527
1674136816
586136960
2109584493
900579981
307179998
2067678219
199698515
1434591169
1468228387
1557008077
1097385542
1208533956
1459246473
527550837
507280291
927194721
536311289
1876096680
1858796850
75363012
1508048382
1790764948
988999511
496897143
397883382
1266124709
2050255415
255257618
1975117614
2145870070
562668145
1501770782
584523382
524768990
254867115
891703381
444963562
454565630
178810902
1913191949
2011573707
1276196445
974242257
1323336533
1803747282
1481522549
103047606
192574923
1210135581
1961844456
267937935
570700315
1605125756
1256937447
1067597459
2003009139
375578508
970369226
110783109
203212474
968755649
673451254
1704983256
1553279031
1198220244
1959850371
297498764
1643183806
266932354
476309667
1408892108
131022413
1752506112
235650717
1454358946
1408769746
1717173266
1557406552
1601344669
779825200
1371767361
1869282604
1350525515
829409469
978736403
270639326
684934960
1354314912
1241008553
795718069
1557527386
62280554
1469169323
1115026995
1615559585
519905920
927393718
1913058350
15606078
1194326072
241884369
1424498186
1325348486
1994390481
1660148904
632223784
1255676579
1229838522
42146689
709537600
2009663722
1413914050
431336556
