5000
766020790
1182770779
1333893513
173226398
1071903604
1702255141
2121871803
2124051570
983886268
1364009855
1991873138
779257283
1653856994
1570801147
147856433
203709553
1220495216
1564659500
1538721691
1742383952
1756404237
1634722517
1712204171
1223105346
1405486716
644531718
1511256847
165749840
1133612654
559409836
1302352056
1899633444
1742180616
488761921
2072859842
666600572
43533414
2047247997
643168494
1027419682
1263774204
487557985
1806676966
770147550
2058359132
1954533399
973857104
1131370700
1371709252
365095147
726271004
980629841
1999817665
290991527
56251540
1257820733
935523245
1567508387
1423570573
2069135899
2126918223
578438982
1821285695
1721615191
1067200903
1746661889
240732116
1110734318
1646426238
883900610
2138154000
762716794
1371458595
1797347318
1532864344
1282334079
1604397070
359237800
266221131
828622674
724332948
992492135
1809252515
576666965
1283483662
1865504055
1834487698
71523259
1285528794
1110574623
2140659158
1264963370
1689013605
1814461205
839094913
608730861
1413639446
1079827029
1719465179
912582036
1963727640
1710135531
1675298830
1187702587
1359999202
1060679527
322553019
816912624
1419917327
588774150
1645535298
2144250275
1581266286
1307304165
573433592
717266300
1025324573
260437642
788789560
163369719
1371012266
781965070
1428333089
912542223
448942628
119944355
1521273084
1862582074
1199771384
1093254615
627680463
1016015376
655906499
155495645
56234316
2015905701
1216175172
378787335
685334677
488608852
967561485
183386327
485375479
401344123
1490690492
1058809072
1118610424
368531417
1319246714
1907399984
531901137
542775332
541881406
1960234226
1455317556
990824034
2080178581
829106992
705922461
1132466318
1922361608
1333602924
998046
430784459
1489098569
57232362
299206512
557790094
436019697
984541189
1046398946
1403581183
1167927516
1531774425
1804925306
511134360
443099849
776052082
879665778
1762346564
535968418
1411566915
157638248
1077849825
1224317493
1612955804
2068673859
1157012427
294579149
627112672
141995097
69457109
1960715596
142993143
500241568
1302330518
200225506
799448080
1860120612
636245203
1783989269
759035910
2039826386
804433137
143326687
1697268045
1315567497
586426537
325836479
47749627
201289453
861804898
1459316542
358927701
1939654723
536150388
1971883506
1860844934
1693162815
118979007
340473959
1835157912
188436116
153705907
1978151055
688677684
1456036425
30892913
1488125764
1168673389
667138117
1124631385
1927709299
559480855
1929064522
2071035987
109265252
1097148371
509978876
435101732
1144897999
711268329
1296906630
456730893
1070196030
1089077705
992881281
894595888
802438991
538560448
1013574895
1142912950
226234712
1202011011
1296618858
56902120
1890688695
605171635
87795033
1231330811
1773845025
754933150
208478548
1554070676
1314414006
2137543070
1477623015
1423679258
1087207794
1987601891
1858780990
84622145
551386572
1008203972
541353038
1621582603
2097281677
1534234320
368694843
752237021
2072794768
1382269739
1895149971
151545833
436797102
1044285181
208447953
180002150
1649456817
296242986
1411332961
1275818194
1051176137
1619811510
682405222
218106495
1609870932
12544590
1641785753
549595078
2000146481
1353083096
634217223
404049406
213803420
1175570262
2025632009
163601450
562320934
246843204
915838471
487632054
1629112943
663504794
639177887
2065910046
1707789976
847625840
98428548
1209763145
1143868827
1509761509
338097691
47561316
982089371
1020502913
265667811
444476656
1033047503
1907453564
994071734
885710337
1113053012
1628288958
1289759743
1326856433
656375572
1167908104
1490457883
1218696506
1414751308
258812706
1706328560
896380604
922317500
198022800
814807002
482623828
1045648640
913235550
1692386973
42033819
275513411
2030484664
89595135
1257602783
903503930
355262946
1702079439
1936551433
115232863
548667525
674778122
1228285875
29472835
1964537865
407658660
685848407
984962321
1898116543
1904544913
252229982
9445601
1463389826
1148610586
931763102
1661412626
1963417588
1414386930
559577618
729169490
959290256
601611438
1004682901
842291272
691206573
114802036
1745795202
1046469520
1816881475
1534862988
1161702383
218065353
62157462
242504610
247538188
2026695328
650163271
933386596
864174001
400796166
690447861
1116403983
410241768
6354039
117530921
1342004870
1667766665
2080948509
608908152
79860636
662634351
1568198408
681472074
1667317253
263006033
1372678647
1782119289
2008801235
271664519
1451517117
1396180575
1433366902
1669582470
1458338038
1675871513
1917120658
1337549718
178551136
703023606
54240071
579347302
1393471468
1170644055
989589070
1399825507
1288174976
184110292
920108525
1221639838
793018445
999969161
1884274189
213733205
1681441235
1404107794
476739238
906636234
1038743436
338056826
1178300754
342776905
1734237401
464184008
2012359375
1045091791
2140055521
1781996385
235157861
171123009
337536344
289397933
750470312
1731007812
1460041988
1740059382
983349671
600733316
1924169675
1903458196
1822373154
569704472
755943709
1559163696
783437677
289901296
815787842
1260176916
1196537531
1854531278
1598233742
227354637
49824535
1184987495
691538645
2062183910
82595639
684110519
1696696648
317753500
855233528
2034232992
607151433
1605703840
1617757156
2067193421
1198279575
453623179
520443090
974965602
209597728
195332596
1544670074
965541437
1754496292
180624103
1255442734
422800487
1440801019
304496617
129848117
891551113
531851254
179672653
2076538609
1223389899
94372915
11650600
1907500418
1791069563
329404100
615250299
1677818907
936555534
73470491
1148092415
856265307
1271750066
1601715595
1376708397
99232020
1811313323
1572040994
1643902094
629371112
1179053638
1824526198
1884813846
1601854125
1117843569
41826815
1731702243
2009394683
573678069
1911374896
1938449644
1797067969
2005747811
1950100244
1557084739
1649333727
132020696
24851390
1179668986
1068576230
98321882
180277754
1924841538
1370071948
1781993349
1154066287
1469303969
1445823024
578623633
965722415
2075194136
1757677272
642764965
1812524335
1212047749
1760608535
1854351150
796266344
1622519570
280545572
560157592
1413485566
2077613541
418421756
1216102162
1487214632
2067755483
1348122858
1512066023
1099940821
269215441
1610387905
1280218575
46573331
832976205
914728276
1200639618
154796526
213067652
1779263252
1120518942
140778141
1389456876
1763283907
1953302476
454020977
1376408794
1660169978
1250287322
851444716
1940715550
1810444914
117446634
1870845443
81383022
1333548796
1210576428
1654857
534188007
575158803
1101595679
803403448
38063060
234330606
849976779
871039265
1149058883
2050616397
1025835792
1362126535
1682396001
2146354734
1502904676
924369229
1762154993
1308723504
1378390207
991080140
821409835
481193881
1842524856
614641737
144155147
1959971491
338003533
225538170
1146036639
1548579961
227193027
1680224646
2123738764
1328788706
336144446
14318176
1563119313
1186121225
885357441
564694548
1089253975
1911193233
1926821083
624166328
1910064319
1282242112
1548535558
1524735665
443481968
779442117
368332157
1264891803
1260635998
63373365
1879533541
1404791145
2023344856
70053426
1630329315
1021897848
1618633387
1857522343
554638846
1594888503
1038827401
890783293
1609206679
454463066
2076904518
347080472
1019157614
1018674845
110790058
798495050
1642841174
2020854377
2080737162
1043893084
1398106394
376735482
1823335201
1766438551
1641627286
936487551
1829811917
1373677179
193795048
1705673125
1443730605
1824124364
580087325
914880344
1534163059
1134726172
362285199
425506812
2025509465
1971491878
879969879
1954930335
171088702
1899127493
826121533
281878760
550138895
321479059
155249490
483392409
1365372143
1553355884
860127892
1041223696
1172310788
354271530
1977711247
854639057
1727948709
24022647
412828534
1024195666
1848147011
992915860
1939076010
1234826422
2127642032
153877561
1660333235
2005667849
2125369439
392819466
1813114536
148974493
144463311
491752421
430853254
694602207
813231480
586102744
1177994616
31119975
2139458628
2038122508
1072343671
1164285768
244910390
902571270
2018924825
1972859099
926593918
284269712
849571117
627257281
1277185572
641163479
1862083704
1257343956
795041040
1374933291
1115528157
772926831
1767752757
781159045
921901325
1912216068
1272911467
1352754579
459334627
2086142947
1938857323
1637329244
2117262923
1930832303
1527968104
1042122946
947634424
1772878495
1944694217
819075601
1598253946
723804487
1103345313
300341416
1351061768
233047237
941504895
1065661824
1490391193
1736545936
293111467
458435702
361989119
2060864224
1239594748
1283890444
1825596645
365022567
489161375
137447624
303681866
280535050
1774776868
273461141
63883706
1155261325
1315584088
1011518130
780656172
1112794657
1830593731
231426470
1836599144
786455397
531767886
1040177264
1019502634
1473272782
2105839089
362410180
1062335070
251466908
820845882
1424324189
164847485
2060440630
560730986
1990444130
277979549
1049892361
2127891754
581661416
1330427412
1755184975
855122557
1394311118
762962652
23222997
258345600
1543618824
1136017654
2088939331
1775045294
825133150
727911080
159329533
1865310415
1747413715
1632602315
1823665856
2109823895
547453737
2075132764
783186129
1971777926
92496601
696143112
385025264
2082940731
974122661
1434917626
2063348838
1555784077
617861390
1671050165
263422987
2012172508
286529169
286645984
123034460
1830147993
1422663639
64490143
1457709639
100313141
792401224
1617039172
1965623556
392331291
1102157839
1641805764
354671538
1649611576
1569454881
1137857667
1473905855
1661951482
1834000779
1858931119
1597408566
660639793
1146365097
1513273756
68940222
1764226487
1036840273
332363209
1628915347
1323369442
619009194
1751949807
1006033787
2041672833
1816439951
316259778
2141985974
461357527
1933298951
1960125883
853688818
887973142
1454447999
1208360356
390101071
876419232
198734375
1864006926
390887067
2032735155
1575454397
1988295633
545891300
574335847
1354085741
614831522
191078686
243442366
947194732
1819994034
1566811808
1566203926
1424460193
425361947
1460393111
1093416496
741621725
1454895437
1554774023
527437028
1267537672
260979193
1415410171
574502024
1469339549
1805511242
1450921256
1668073925
1522034520
1841808323
1553325432
950005269
1682620308
2099216732
1524341116
889222401
566564606
1715419803
1132664767
1513759338
1387930189
551992927
932479616
664906734
977354874
245389079
1758323231
1718976600
1700284517
1165613606
98929980
820338541
1426592800
1514340151
1394840565
748448701
1172367745
698278174
269038978
546918617
392602849
1822364410
1496923887
2075223158
1774097494
873781355
816961911
193178453
441717510
1949626679
1706937791
1829647699
354135958
491933760
347070786
1331490833
737322839
2105394017
902983785
290123708
1123523975
1001913765
1110462250
402633127
368770269
357819167
1151081829
1541138014
1056097341
1420120807
2088056632
1448700191
1095001570
1437496871
1376439701
721615416
163794578
45917964
914793869
605512089
1995544643
474248013
287676140
202196954
966181773
634746926
1533687787
1703504612
592657295
289187924
1993628321
1716181271
1291101689
956606923
2118814398
1659871958
1314426090
1122412579
1053526325
223039784
395049739
994099309
1671739975
1490051309
284112532
900696028
64183077
447907110
946613992
978976947
1053419199
794674988
1453224960
1341095340
996871942
271923085
1975842266
383076081
1975427697
421015914
672264005
1821572370
2137197185
1963365694
630695645
2108527935
1475754005
1945121736
1083456867
381796682
20677872
1478506606
1375895991
1692417847
821074267
1660008523
445630227
885257344
2107915633
1392244219
1864234291
1013851185
39435559
1169975603
207462877
1036307501
1441898688
35821495
1419383582
1269842738
456837409
2091647587
943931460
446550946
1907529634
1574627106
407595234
1235799991
1372265194
1491052101
1617596673
1392943066
822075059
846009016
937877265
1643149326
358533891
1383507492
380923022
318965876
628268063
97673666
1332817061
667703623
1267649269
1540279938
1704011124
562064310
1576101434
975911059
1831907048
2032938843
920074998
628354860
332006142
680120984
55498318
739601376
1915920975
1427763512
83169829
1386034000
673222930
905244888
84559368
1611100195
400910566
443093259
847124039
781833588
762059136
1475392103
879507254
2094876197
2143095726
2147156524
1487672488
1699623202
561737186
916290274
528050613
246160586
801745469
1448125612
874515446
1133751611
2128246596
930013765
1873352987
1896683924
210293629
1956522816
1135234276
883516560
714284056
1219793645
347133107
1115194622
1662886904
1194257147
1897028211
277462392
522165602
629051817
224854942
517777680
628724693
1712527430
69917234
1190461879
481334056
597967848
1436622465
1283079525
2046093460
163654264
269347489
2026856408
1093668029
2142700476
1776056684
1303961658
1951739645
763807313
39994570
518540053
1983600958
387127678
1633734676
1499004214
1581384825
1383279239
1776466607
2103550427
2012331056
2001321549
473844459
493572102
1566365331
543761693
1684033981
2047699387
1141729541
973172799
1183295264
1040339353
1136827063
1452642753
919712114
83011444
1447859582
548285150
1386973102
1252115579
1312092463
1426967673
1770655632
1148209773
1814095351
1256906660
499730340
1247996528
492702251
128713299
1204063307
357549660
2130034848
1677907766
851121762
1548916531
74185811
387672095
1449132270
1215915353
1360844894
484943886
108771058
350188309
1937586640
1028483172
433199753
1237962574
1576768323
1820172856
342594505
741377138
1099656881
2113250137
1889586912
766268584
1222673150
241833604
2014265112
1715375401
370546903
1070844771
2072925061
353098103
601268889
776563175
1902014634
675454700
1164235271
1203663256
1891370053
377596517
1688607142
2000141112
727784827
1478710134
881140636
1160984580
569189060
310425311
833673788
911783565
1051802450
1933330669
877550055
793905714
552115605
2100223205
1035739318
418897069
1668114958
1406286221
1489741840
1593556372
1759384324
2091010729
222635899
1513915310
618981782
1386871170
570094918
362868187
1764467688
111218412
215525651
344768867
1589928547
1096666288
1505753447
11633959
1407091599
191943588
923417525
311410401
2125274257
1800967580
1105316115
529906215
1753707137
2141055433
948803284
1274338447
1399858006
291061477
720411171
1011758682
234588558
943047071
378190344
853570340
182434593
948285262
1216438528
1946902281
1059503675
1431964179
144187500
501948574
381146819
1649940948
513582533
1788238419
1841884536
1437000058
2099648820
1819675145
1090483990
1057481288
202097712
696707479
1051053073
1150900997
1971045927
303427432
1441962474
543973450
1315186114
1676551032
1487020521
1693376459
382637725
1669455115
494178073
1599076253
1468873748
1553681748
883556784
1613061249
2055630322
1264703604
1115518549
421729208
905458375
809919437
1858729266
857623547
482110934
801729609
1915104835
684208647
1498437088
818674261
1835109644
1321999367
1122101693
1129588470
1865972818
289804159
658655854
1205509691
1983180618
1041293579
727481158
329875044
492886184
48871259
1883556792
1376442969
1661932508
1791703467
493662925
629967409
65949027
1399121300
1439886846
1924678293
109261199
1921997780
578924254
2024366035
458722779
2077361343
695556648
146348775
1251877062
1817658341
1275937245
970366232
2107462500
1934593100
28392276
1943159471
828403031
755873434
125550867
1321289216
804744693
2009107659
550248537
319193553
1653327478
1043911462
949160962
1719276505
295549114
241564160
1496471151
404810313
16078293
2075395405
281692700
474801072
2005273100
977249348
621149848
1109666515
647424041
1897087093
2080032747
607402894
1684196545
2108425023
403078717
365115929
716814810
528629584
1686405145
1521559503
390253595
89170034
1840753057
2043581074
1133081496
642430371
1615373931
1428630610
883994532
964361434
1833440923
900072825
892273192
2115133624
1374873897
750062644
944899324
1996023745
1859729159
1592323366
1745627191
1792278259
52242612
1282340088
1753219634
455321329
1647456017
322550796
983950913
1186377514
1844110300
1374204508
1275547548
1537379709
1270301934
261145396
32326432
738192218
1689776006
916320964
1702553652
1375733282
1816393789
447343196
1343383258
1043784039
1197405841
140798934
892324136
909651352
1733122300
490467679
554445963
1785364912
1772807768
160181950
93202593
1272780137
482732746
1077153506
311674004
179359398
303874367
1587221552
1716739107
1574176301
1848366949
1749065540
164884871
1390659307
517902856
1867438524
618908941
186812998
167298072
1962292199
1230597037
1364703913
2103091134
2122921173
126871618
1688729786
465905205
681317581
1326611051
91229325
841499531
1419813644
1364009462
1324232278
349483503
1675683466
1503591676
653357870
1115421371
1072847136
80050523
816304672
674429028
244935395
59480331
1192331884
2112373919
678389273
1379144882
132188343
493197824
462258271
1496892257
448805310
437695797
1623763875
2137535097
903601002
157597808
1316662500
994830327
999097340
588992496
211356141
175845970
938475999
1887039608
1679437646
1591833869
854977331
604801134
1671884393
1671282003
1279230162
1916819788
1730762334
324078399
1881710059
261667959
1703223281
2013898402
754865784
17997905
1363307011
1203671094
455693702
839587238
1193722543
1359294704
997185047
362901395
206641383
1996282387
951893892
417997524
24644709
1890369891
157553484
1704082355
1334720113
1012530815
161399842
859120858
536329170
1440630004
628456998
119607857
1764708403
362683409
381275816
1320448037
229098163
1136141600
1338445942
1592405175
192329047
1794139644
284508765
1386051590
1005950700
1281693812
1748952986
1212592083
1130492551
553363230
1630589607
1155137260
296249473
1788143092
711735968
1630969586
653190259
873135810
342606796
1189519430
166282166
971063794
1309127287
1930990570
1333747203
1690403103
1103954959
1562845367
679061056
294917253
1007766894
871390103
2089056897
1292275659
109958045
947523949
426485824
1858911031
12632384
1556978375
264790613
1643221991
564631988
561040087
1283881435
1276367956
44526025
1937071695
2020118
387132822
979107477
168302284
1358196616
140751116
2099292854
544460172
1831154219
1055764165
2107305539
362731627
1350681418
967588785
1234121730
1292254667
112380796
1344079776
92294968
538866620
1055507159
104927352
2095844996
1320297773
1748149344
512993336
1881337860
884547131
1789361292
1925863885
674135178
1791381410
165513059
1653242655
1959683694
1523709676
1793993771
1911492901
2068169848
1477664343
819773418
2027991739
1840395970
22971189
848096876
927034053
1315225856
960477672
123630181
1407520825
1499344293
1179137340
1512448177
1447705641
351951465
1113113873
1960698977
85805677
1997661005
1602576621
2011669563
524312535
1246474383
29698974
30071543
1058674429
1553408650
1824065314
822683682
1474094850
1154246009
1642457101
1354602941
847158332
1665428290
55216169
1774192385
833170498
1015693842
1897822566
93207675
367554487
929476258
1605655853
1815260128
1281427724
571286078
1628475457
1367233401
421463435
1083568430
1231419316
945775971
182559165
1261118291
975847514
1241233594
667043293
652429180
2063917277
2141138144
1806675190
1558890730
1348257437
506349874
1076835372
1403473607
133058611
1910005870
271683801
2030881177
2003213546
639238288
812873787
1461385751
307014768
2094301511
2032671829
1935490225
1314051265
306651617
871575007
397986933
1252427588
1054134172
1659105224
80791454
147884118
178664870
733220634
64317747
172319366
392412176
1623208477
1520576803
898762050
552560201
776566762
1031820661
315082424
1048250563
915218190
170812322
1687488851
1728091978
1632198073
1994503619
1674909841
1517386254
1782510196
841477458
1824037871
506601555
1239464392
928981811
1560735727
751085968
1009773265
1708619846
929750838
1742993900
1772937593
1102070204
2135406076
1248662423
475163360
886684479
1801222624
1251730122
1918505140
2116305048
152497038
686239683
139633722
1839985889
266848013
1771831795
1687005861
1941757854
1141734402
1322032409
635751665
818288625
1828633965
1875216057
1747270437
1241886044
478818377
609560054
803022242
1408569216
205070306
428476188
363155772
192992735
1677138611
838319132
1079677214
1330877587
2090049255
850698706
1299698988
95062645
1536938389
1439332710
1935048534
1803786402
1063680858
1474570747
1598060609
57931612
649119509
86328626
876220237
330269826
1961544683
476007026
1572155870
292879412
1085567081
227694465
1701448628
1290637387
656170653
2064604401
1483630122
185825616
755439885
415823688
1516703203
698005492
1266522395
668918543
793068137
655977136
2108251254
580633024
312279891
1024448464
2055203771
1910340500
1082380076
556839632
1996669126
1958600313
887109458
1810730161
287123692
311781681
2103609573
1372690773
539476146
1657574554
515844512
1195646799
1574695307
1999474635
1381472415
182651544
267814675
750691970
880657037
1534337070
1419610514
1673725174
42830559
1380378120
106874550
355110450
257342936
14594674
117967302
1339723012
571434306
2114636428
1150839677
1458543765
1777882941
1437963369
1770325446
1734008866
663170494
162317944
1244099772
1179015007
1357964743
671311431
1031005994
591953510
853962976
1298820669
1342645480
1734620013
685674092
614772346
1260861539
728504651
1995150466
1367736090
1083615101
105009754
1382330764
1201582403
1444732766
1953765070
1168735183
448088796
1264825187
799134476
1886052165
887666985
385659694
401739012
1049984929
1629759467
1580754019
260466024
153587250
464276365
852419534
1007550226
1763097034
47581367
594686591
301287478
662353713
1855548131
1029792129
510020532
1075800573
2113407230
615030286
310647689
1167505985
2059763053
116929111
188757520
360368201
1381754299
987891996
98936718
121937636
1373551691
500675730
1171922566
855827510
2081429749
1432388590
1009414760
398222466
137324477
2016964987
13835853
184905844
464167930
315123331
847259557
172232413
1344915461
1357280089
1248032986
1310839043
1972310376
1558680675
330861381
1884589781
1675609787
519618901
97474334
909880438
1507510898
196411052
1031818074
733578941
697086783
56256992
1589406451
631032884
1488645583
451337563
1029255351
1625970060
320818902
1043091204
1810875904
784986833
1358214535
510651813
957219246
555646348
1867931903
57768585
1866485392
1692758631
1616449260
49863125
1429864764
1144575399
569482026
1527339098
2054455837
2076992924
1723750150
938790264
663088217
273353285
995047256
105011020
904386170
336209191
556348584
1933641521
1962179251
877167486
829249077
1625571507
1662154319
39979964
2136223321
471889918
595626313
1856671576
529658503
314628057
1401946559
2146107763
364491182
684327675
1143199515
933973208
64183125
1050171704
863482485
1787933275
1988961968
1526570702
2061286561
836525577
1631581723
818189083
1172734768
40446659
604346956
987430372
917614145
1433596033
465518231
432284817
1473575997
454257904
904174735
2069202310
163445832
1433833238
236346719
1565392391
1432457353
600837901
102236418
428173220
1534811110
166419543
1478344925
250809947
1954352819
1319823245
1777380649
1868155732
8865174
1261478724
538861167
1181599943
1301925383
1143208123
21546667
72055881
429320508
487064898
504340698
1902896505
941322803
1408515433
1824615168
1104768635
694865023
2060961887
522677379
2127322376
514316141
624913797
408011949
2049127251
791333341
1886356874
152453550
598202512
1058696471
1929834199
318874596
1067561646
1043829276
857735763
101677941
198271011
2000943886
123224608
270326892
282780746
610289506
774667590
38193603
1551612309
35699375
1862808771
508897297
730564398
1776287011
1031574676
710403127
143119504
1656488473
1118415076
44763107
300338166
857288302
197216657
898540678
1915984773
2127050856
1217415274
836062771
1023396484
2075151037
937740712
1221667496
1928611275
1060965320
1491994388
63908373
1671254827
119178331
102101977
1075383488
154877706
1964910748
1584280785
885442105
1593714111
468371813
1595845232
1736833615
2124860287
566776660
1781596722
277714805
1424064962
1978813379
1176255484
1192566087
1958380588
246187110
2028628859
834293424
173854500
818885923
2055960920
2102465775
1879851244
1400471661
18890501
1403622423
1519649992
120992478
331522263
1674527698
2085903226
1915803049
412486155
1532133690
236691214
2008331387
1121483657
214067853
427624399
755596732
491782659
1851689361
586926463
1668038143
896771801
397823403
1914225253
777917012
1232116828
2088079753
1596802935
1140594100
2043061881
1329170531
393582113
2061952382
585309306
1913232105
35461212
916831570
1440276156
2121364438
685150971
1852762311
1506014480
921842185
1713610051
480014490
1135910039
2141234450
1235611222
1627692698
1845440164
1822537685
1148247193
594728317
72877441
914988798
1372645329
1304994269
855584904
821964616
298104721
751163137
3651500
691686835
665631871
588960806
457435292
701093083
1505792376
1897711448
674973873
43459699
1602990112
33504706
965301885
1169116515
513519196
2101211924
1162867317
1749130418
1581420974
860823833
1424184455
582184519
1455552150
1497061896
1497173317
680713831
654572517
205274573
1502678448
952677239
956437710
1506329948
1644364074
1622069581
2095290754
2101799366
175679016
1453599483
1852027167
850652890
1497059182
1307533631
884157596
314877419
329166498
1397676792
268605695
1492033815
999323562
1850026669
205374001
276024369
284727540
1660926151
1773086266
1781900858
194156335
280175135
1987175431
1696834783
1232852374
796129494
1055681083
729732800
270715427
1003488189
684048519
446394444
309604024
388592038
1297047334
1806663207
1696125669
33721282
2121540626
2025292167
1431398074
242662674
1369842334
283237988
2092689343
1575216335
559262357
229933236
1088658839
184864975
2011834094
1282815174
465040111
1851525877
832166309
1697892485
500171723
1887847392
280141638
770887151
743851933
964190157
1217281595
1053455958
1352782195
366845281
712635517
901424216
400566563
686692495
779232735
1831964637
929355169
1591421
2115202625
874560865
1576807757
526981334
1104494101
517982948
711846310
968844547
1800798122
1176886421
672886776
485480783
727295258
1173058500
225844527
1007436896
1943945651
969696460
1971627053
1013743598
2023152418
1176925600
1380588879
588304287
2078349816
1781155442
1274996783
710098903
1465636431
56868304
711690325
1433355408
931429169
141014434
1960336742
2035923270
658997382
524699404
857284169
312311856
1701585825
1530170946
797792639
281397436
555745798
1023637166
1288834332
352207801
1993333626
1112977738
1365951399
1869002397
142419690
599056630
309823036
73285859
232728424
1584819819
783384762
1698364855
1641688124
1495075087
984236615
425633645
1636089521
797089709
314073268
147603255
1321789114
1171357437
459915111
875891291
554044735
1257707750
1157288727
1109790533
133861268
298639412
1461998334
2127194895
1411617150
680466085
1848713644
1554036840
1279522715
11053032
1627322699
1512251139
1595872852
263223814
1063132346
1090077328
1758298901
2047368961
1515710973
1246904775
696975023
1829784241
1394508030
2018764137
853658031
1854423142
747171780
1407702766
964647244
1904460508
370009652
1098508513
55616272
1832007986
1078219760
1467233422
364990424
779449756
873786614
1644513139
790502788
353625666
1009280631
238891992
616849480
2072412977
1328969320
227664733
1972298291
697196646
1474569508
521789666
379497239
721593891
393070155
1233155270
428533385
1140241935
493374389
1393180629
897218795
863384041
344205494
952835067
547908379
1422425254
272584841
912898803
54391362
1146371456
409928295
844894151
1499997122
1419208926
1083786143
2116846602
1344138255
265271816
197027687
1168952898
962468462
1671597196
1690742564
1341965701
245707439
2083812719
427637324
674240824
1076571007
921011713
2067421453
1973789802
1784395754
264143300
779141222
184820485
1686568554
1051726063
1097719289
1740959917
50613871
1507647584
438370420
1550610993
779372862
1522156563
1519973947
2123511117
1787428379
1717001635
1144980368
602413193
1241115183
688239284
1944378895
1486822622
624568356
224532571
13579798
1701139363
1145544284
2081001251
1527445517
782456390
197660903
159103091
967276875
1884229458
1210829155
2064996164
1477705727
1261443026
1425160100
1916076147
664570372
57049314
1290749062
37060671
33076784
930693794
1754062306
1178057152
1533106987
847693841
1866296436
1330002234
187032815
343381144
1554534805
200612613
2044520507
552595441
134130217
1424482377
1335051831
331791120
1583585468
154845059
68536930
646930975
72357575
1546242657
1908374002
1497517676
1314835156
425460726
1554566990
458100571
462521397
1587643774
1388794365
69100056
618217278
774417704
916793897
337030067
2104419939
1103826713
680411211
1511471096
1304439326
577448071
2064066538
1438569543
2001930448
1251634721
1770360664
1438032268
1406479780
1838897594
2084963244
1478837356
1237656604
1845853598
828871384
405008112
123830676
235954726
863108683
586352073
1823598501
104419400
655452129
294332131
878837105
1572246027
631362198
835773396
528589092
1311773410
199760844
1833028418
1889221481
116343734
1124114314
1743668281
1367978456
746991330
1034216901
626974588
438405276
971696497
2105811944
1676061880
670066447
787199680
2081069993
793897123
1023154407
796695028
1380249197
699269260
901114429
2035701326
993601391
1779951534
1460463705
1624963590
468241282
1989052797
789253352
668002126
1674597568
530991185
784345861
651228234
127175818
4840669
1398219564
1161392719
631815257
1836624840
2133089217
590143554
1365203073
655672016
1377343234
1298789418
1449569140
253013993
2095484446
682334689
952283253
849115227
570552367
1945884645
481583113
2031016073
1423364587
949824395
1872585222
65134291
1617826522
1399699142
596125476
254688735
2050927376
723301294
259529404
1301663292
1884694013
891344661
990804485
1870299582
1481488215
208523910
378487951
711347802
1507313328
1828057091
964361795
1455314126
362908132
1916645049
156945706
933460499
1715046046
638528819
816992924
990926985
1588353215
542094499
1056061276
1058696089
1941793641
1652186752
1313384824
1845237370
228004398
1572914228
999417014
2112698411
316775241
1990221499
1835514346
1798263457
51261761
66518649
362127611
1558575089
1894575740
1326489406
866405568
110000224
1095650807
1023351274
1043460723
663213205
1661880093
1860453648
1654140190
1102749660
255064499
562717818
13962101
49374492
67420922
1327346925
1894611862
295425320
752777505
746545229
260640084
1069552747
589283080
2096154430
720332556
640544842
15189431
1082460167
51636283
1909765171
261465925
918041851
2019765395
1357116733
1941393125
915742470
2020329938
1455789571
628712470
1526986481
411055583
883776969
2089704299
425017685
933151462
9641574
1752364610
680279676
305066894
357658468
1426824905
565706978
1427211215
2016107986
514377760
60123
509169180
529567191
1082520290
560805463
291848714
1343986215
1478847315
164130461
553619300
1272756792
1079872932
426465591
581062715
1708585402
1953452072
992118299
444878724
1895672723
1417135984
1378030186
1905314297
1022016946
2058309862
62897544
1379675414
1337651120
628604522
659402981
1206275458
1142982283
659463104
1715444638
1672549474
1741983394
128766453
1964398189
938485962
1607613768
2128528650
1492105262
732886913
1060917934
1918570853
1313949628
622019689
1724539277
158584279
1066898413
1472728353
1575720263
297444951
1230559002
450253562
208271165
1293456546
1829928976
1545922285
1922061069
341848310
604714095
917559704
1001311414
172675085
442625530
595811161
301441539
259540071
1534297123
1909055307
240585074
878918737
494458572
1301503008
650005943
1808408201
1923522697
227061572
1966992480
842937462
1699789925
1395229096
1140382413
782865280
1845482658
1348653579
2076321826
1527927986
747092216
1850899247
1869776296
1351806312
620975303
723604063
1524481397
1063600834
1319415224
1825922936
1323140905
706228699
1587494596
1563725979
1585147436
2081953168
717745340
87669731
1742877721
493784389
314731304
1562386554
1336721852
2014521229
810132002
329620617
649902861
508131012
1678274196
578741040
2036058998
277882765
282156639
1758351647
1629689077
903131943
334472062
1006686826
1966732777
1653887286
685126115
1142390034
212632337
125137063
558632366
1797779773
59606583
1276377706
1885449505
1802484305
1770162095
52697161
1217387211
959400299
2067218390
2027519213
1289020917
569637604
388166577
819811465
1148378644
276741927
1097694230
1430535283
2035093574
579899659
186183578
222081988
1586586486
5432707
1875969274
124228953
1147822742
2088601611
249366016
1706455108
1738897737
308972599
835349166
1476863594
2111456904
458027613
1529560755
1181360467
1417427913
1449295497
1061396032
558965182
2018933101
1449562609
1378776647
1019828097
1726304537
328987230
302879733
1613914463
908886889
489063311
1835996452
347989727
494496019
1564482078
472218680
1642318761
1505600042
721584696
1201290221
1097014131
1030557296
2036639387
426394077
994530552
347183352
1955954832
28407372
1764611265
1257766681
1089803404
176092799
1129216135
391882366
1554869447
1560584
2118186903
1883856677
304440317
1584617718
645259918
793503629
1273130522
993249646
1287999648
690128953
1465468326
782834761
48245347
39569375
1984124982
1145259478
1070126671
1873280721
1571653555
2064657223
72980425
1380124739
2093064595
1837591691
490407772
1035384352
2013684490
1619623907
1427266718
1421070289
1621184492
1397969973
1157443318
1925624809
835104043
1802703237
571644790
2108234566
648469235
1859644438
650879871
2113937561
494995551
699125218
6023288
331636885
1844384696
1076149959
57433958
1268554603
993323535
130414384
501195694
938904482
1968006075
991603466
1974288834
1834206917
463743726
1254071904
1107793559
2084928218
504558229
117753229
1863069379
1339662273
1920456466
287230522
1300413191
421442053
2146874960
1951293062
387895967
494386864
502934632
393919255
826023749
199835680
1470069215
883457708
1468390283
315909102
1013872092
1969585977
1254813584
834394519
813705795
1081618771
521117788
1277449521
188207027
1628911347
1214894091
692765257
1746664577
930479823
2032427530
1519637395
1217710345
1185357073
1941079449
1217101657
989166487
181491768
1711488521
1492101119
575411023
390028623
1691936799
2045480238
1273486331
1012843434
213905692
139874775
834945763
1468719277
974269294
1648651558
402854400
1495387082
778617432
591061427
976814782
1993511523
1283826684
575995711
776507698
1168770566
2095633106
1994218043
206643991
1889228907
1063836053
1195810478
2070720675
627840926
540427949
498648051
1017869549
84881100
396644641
143872232
1097724534
610550334
283747007
1932670297
2079269611
1258016301
1433838208
334640363
605919736
64971992
925701790
1582734518
2058483515
62044827
11246581
687507566
1230815393
2106879687
534241961
1437459385
1848624947
1598078014
485786215
1771861974
78435293
1026214165
123026377
1096304842
1111095265
519671019
1240177075
61336152
1130221353
1523924082
1994006449
1062007316
634456736
1280361009
1396647679
1240376472
1345333001
174865821
675627342
1256332869
236910648
686873923
1943840435
1467726042
646269962
330598748
757701779
347411261
1928676763
1243487994
2119273236
2007112056
122218511
94815965
955933250
1233313777
614486984
48626677
1294649929
1744708337
1572550760
1141172730
659232005
59523848
274050092
2055879684
1299900320
1619383093
83261858
1975527662
728232314
320172506
514917937
524589101
1787898548
1161187899
855187850
398116679
1508599161
636380965
1641604674
1480388749
496009373
1763823185
1575204714
1451942623
849653314
42208051
1500569301
2144303243
1786916388
925636413
1137992326
298664746
985160261
1412042418
207060782
137576933
883941863
290322640
2113104595
1612174178
610495147
480538884
2136763279
250910047
1641726783
844467481
649026727
1002842296
1480848446
143147753
335747397
1976857819
1906970938
1910952112
1281316795
609140605
1953160163
634402448
605960200
1592592903
1560038861
1743952526
1891257649
397715474
1008511296
2098318432
535292407
1892453160
241157424
500913354
1357143690
851652571
981452238
1346423321
1102562619
475695373
43407155
1751589346
1478537670
1524255601
1894737099
1814285067
1353629773
1654224389
1577753531
487462920
115881346
1383430046
1121865368
721841547
828539302
534420581
318310425
572313303
932136055
1326821722
523148087
1467428462
1071791234
764305512
1968341816
281451276
1615958083
802310406
1627874597
571037054
1278005779
1671281752
175142752
609059801
1048053706
2069879851
275861221
254199831
1576620593
1853614752
741662751
1692501939
1089561151
1863528119
266859838
1918100453
250465052
585170264
342930108
1182601107
1911991986
866078196
502545921
836299572
1630383708
323404089
1117750848
1098858143
1125714495
598141797
1669895198
256236626
121939902
1845037950
865296428
1169993608
1767434154
1141157649
1424193439
1196571099
847288753
18372542
741589390
1936849904
1881900661
1008449229
1707466709
2132365713
1593619493
2050396818
1167483172
1358127831
768991366
1670029093
46943755
251891426
1993433182
1164694603
1350749569
971664029
1762836400
873161119
1227900655
1884776302
570715422
2093197083
907286262
190665928
1086871084
183996053
1387237027
1934159838
202368595
2128826417
1723526094
2084269256
989791998
1283509156
2069151321
435927843
1186422326
1089150845
1794055674
1955413692
611696290
1840999429
59821470
457645824
858210384
1410571039
1429309853
473563137
136248511
509726861
210855791
706963933
455440296
1118142054
897629861
1542311381
1302138107
137383240
1328987571
1504506703
118726009
905030017
1441292311
1108518008
41055525
1362959985
1544445851
1227477851
304627182
1191017878
1035407895
916323473
884533659
1095229365
1373969297
1742744044
358316757
655795503
68823533
494565268
1165522364
279679324
1201529201
1620962660
1397821378
2099159062
1015790393
552475838
89058654
197294316
2056982541
207784663
1102324334
1350791204
1316302671
1143379859
566267541
713264875
223374063
870894724
1904282753
1258781958
1787218197
641332764
206527676
1013703846
236593160
564844433
1669499349
305416693
1059409701
687538065
585096018
113455254
161017078
1982917396
65130668
1176807471
387909586
154189322
1374101788
297408479
361973985
328942474
1648199684
1678276657
1472322333
66983577
244057884
1695696396
937878301
856989
806994707
577612850
642189753
1013522383
1591316697
878782914
1578366816
1113332398
1184199607
490292869
1800870464
1769295625
603748123
1961887542
1604729374
668878791
991211365
1992638960
823068113
217829505
142563792
1185042098
546771979
1790763476
715835107
2019094313
1857747053
959892991
1567307061
648141707
960749980
226818120
1225754557
1602939734
1240340503
669587606
334239000
671223671
1782920005
1518438607
1161516540
1436306821
1140250585
1765264663
1250710715
597496311
286659806
94438432
442651623
1109727919
312267938
585215415
147286370
859039917
228495243
863121477
730650582
2086242297
1823014469
150473996
586900356
636280801
377292116
1812654913
91736887
1617632620
334758872
425975887
141372643
2117678877
1944414495
1302889184
1406502050
937181432
920670199
509729117
1534677743
1207330006
604167549
1977329366
169574277
916435487
415061134
316860647
1775475405
643556377
1179982125
358642339
582315026
855512946
509116335
1169215382
1491793747
886408452
834386648
1583530635
356557424
1169145520
2009506522
497930067
1139340749
1806437369
1800819251
398359151
596135153
574005803
908088268
2130812896
1781335809
1512255817
1960658615
1950910086
281207657
228236101
120287086
2056683062
871792478
1300269211
267841753
1454107505
8298509
776958089
475839239
1500092256
1663366541
1310225887
936139243
2019923965
331887759
798162118
370370384
1471228508
457115839
23705988
1869587659
1053250993
597711791
630192279
1036580241
231563952
2142448097
849755208
34990390
276172106
1077991309
155277476
185371520
1949783788
1455546687
453213273
1256407645
1463845196
1230171362
1732246884
816453805
746054255
894989124
1752593048
618494572
1226876883
403271518
988864957
550621744
860387358
1012570945
272725755
1913638351
1610282736
902918035
802734944
1841846688
897882484
1652490153
1876837078
1174054590
582997814
2032114555
1359426110
385297954
1340177594
1812639383
1641705599
656539143
895327098
1226468836
1472992948
1641381353
2121457960
1078102348
112392278
1200851195
1481373867
1101257235
1751472939
194277577
2113828180
2024198695
2107915928
1576627268
779633082
763167224
1270990308
1677515566
268173729
1000343738
704086508
851171544
884974645
2063512618
1236469498
77668592
1728668353
730691450
734207735
476511803
1957160286
59717035
2117893157
1931134598
1137819383
82801787
984502145
471709602
1184059022
588491437
665987179
1150403554
465206484
626419459
579547174
1244839566
1389586684
1850537482
774871484
1657760413
703397572
1478957992
361448309
1588372218
1394986962
1597917808
1666040810
976171667
181125610
252764897
1452683471
2138285896
312481932
1423092980
1921936846
1450301315
1505894767
758955343
1922010918
542470141
1347446780
440514449
1692873695
1812653264
1066933909
124937221
910009182
309036945
1975474703
1684880666
1966797358
531388627
1016355010
180762020
2119760845
263858324
1778679828
1638318007
1240029992
1959805438
1891082904
545229815
1950607686
56081188
1968322795
1725060884
1506382504
1326733914
336532579
1280909774
1869204055
1683979360
1721424223
1414594102
1349148976
640874484
1539531323
111674511
949911429
1367522378
1796555177
769225140
1898911005
665426540
949987160
1871188203
929284864
581183340
1362022562
21831208
393505130
1105621819
567061023
196629168
1161703007
387900170
1921690052
520601863
1714634084
110738983
1801511637
1436354491
1794718343
1375452213
703464945
996383672
2016326697
95512620
1108058183
818754479
1463034998
757129712
1587979619
1214462356
1422556252
390483131
938166911
204357469
971666471
152705825
226188677
1365171601
1258327644
793249701
1561800769
272547004
1181149871
1336007173
793148867
748300308
1446746156
447176857
37171151
1093980852
1822629070
740636097
2090364524
1691472119
836148717
1050939059
362742950
151700068
1808068771
1950722569
1366162424
1083141376
193722052
156845687
1287498845
1165388523
309551512
1513687522
383076476
1567879157
159453575
1944877245
1840426161
1340603447
1133400770
486091380
2088903755
432663279
933268237
2126074906
1526644131
608413659
719227355
1469525007
152402131
1555376073
372980418
515145081
1707076141
33565541
318384003
925754917
1116706917
512106055
1082600604
256722114
1677494579
1392152116
1770409637
2060571055
812547625
1929863212
1857964653
505490138
1122983011
843881775
991581519
1064403118
1276545054
1924849756
1042994377
655705537
385779768
1762221732
2125230544
538181899
1170114157
350727314
1053326980
729706650
384292856
1371710983
1655461567
1500999773
1883817039
590578523
1757721888
1413827970
1982730640
1380647877
1326915377
647794617
1163027441
1037396382
1153284756
138526805
1881278158
2144866275
1202929923
1010339564
1922232383
98440652
1666045102
160528503
1860662385
1643791998
698710402
883292894
1994519313
1752037383
1612999545
231328521
976264718
1120977464
1732328294
712598109
1711555988
1342566534
2126426079
1546802980
575730763
1305857809
47113949
1738758205
195770543
1200398705
1877285010
2077048701
1197781332
932731285
939904618
972530068
1031171938
458466072
1133058571
744350675
2102258070
1831768974
1627643569
1949293735
1436322709
1093159466
33138608
265103779
66653283
1765466903
977701889
1778209271
960549789
956644320
1177528603
1536280553
115018481
1224642552
1127555110
310789025
277557610
857356472
240354078
1475338942
1790087757
1180258696
300385362
673776047
1638724768
1433443934
1418126722
1593499191
1117729260
898286644
1395309278
406568321
1991446110
1428447887
671672100
2058099393
1046431142
1649373989
1688825016
2006980931
458534662
718869971
1395777836
573553143
1943512524
375849298
884342168
73586486
1233205770
1124696247
1548925428
875809880
157471295
1849310791
1549585927
1796196064
1135271077
820229002
1242211607
105516689
1718515646
490037237
512085010
1562478108
1918485124
1183757110
1473093854
817432618
685647452
1014435222
676929902
1144182114
1733305194
2072707738
1717735257
1529334070
301073389
454593778
1602920556
1534279159
1579290025
1004362336
262605391
1736761320
706189479
1812191319
1385473736
1841460556
484936673
480201695
1946977245
55968671
970238933
311578607
1618446779
741240409
1495335718
944056985
1558673028
33499522
1958492208
88119282
1177681636
1544313754
13343372
747933245
926164176
314416761
1202527023
381601084
1848695921
634333400
1385963420
2111301312
223611073
2092152900
1776008983
1609084809
1786129808
113462008
2089286505
1585623406
169430679
912041790
1897202013
1787877459
1653282199
1245054083
584450796
1064471579
1278553605
395459356
1152590861
308751593
1939773110
1165934234
1056684839
718453638
1480350995
111728214
1100054722
1181563268
746061615
338534495
1145380933
969672688
283203747
773906268
431273849
2069333555
887368277
373076706
1507473313
1056798956
1285118496
1257191679
697192767
790917048
354762114
1281643564
1855388627
1633315720
1677102920
860495841
1942067313
1469392383
2026430075
851268504
40362373
1359297422
962996719
1140417096
393377043
1709058334
1478951591
1538757976
531247374
1762155338
165180596
962521223
1684005245
1052548873
1335597930
1043994911
2109347830
473232778
153702942
659056949
1264149826
508465056
1940700513
972054806
2141780776
1470319786
1832550647
1936364442
792228521
1711497074
640149298
832590894
923310848
1603146017
1973007990
1316687891
1164720703
1304475933
707962219
1695968077
919147623
873142816
511005653
455669221
1925691689
1846603583
1499664132
1887555871
172352713
1653367074
399129173
1436502540
14348482
192346038
261073698
8645611
1662665824
2093624345
1945010053
307410697
1657637771
437675703
1140001592
433464971
2040821721
965525934
1750152863
1058058776
122518220
310631434
606543206
1041665843
1183774250
1117548859
1497335064
961982292
816668794
849515548
702054515
989021507
355398974
1101183688
278040399
369747457
1293529727
539114097
378393068
808711903
485254794
175919473
1116122601
2142892565
613595176
108640545
428873889
506933249
1074166479
31543104
1564992026
1196684699
342174538
24051584
90866895
1525948789
1141600443
1588201959
340447433
1958269237
290233860
1042501948
799807096
645632834
2143685637
1077847496
1015380291
1289731716
1616961593
1393773359
2098443619
2102216388
1569692832
1067082572
2097625305
35804361
1175723117
379015546
542737610
102405949
410558650
2107729636
1299090648
752733189
2131781220
1389957543
131198330
1125898015
830675855
471645763
936683604
1120909715
1514147711
1736490701
1766542549
1510349700
666854549
634439193
652597768
136332494
2028212552
603557740
91065234
1450421737
1670640312
41206892
1486226098
698879782
420222438
2028963708
801285731
830781089
1989209697
2100376379
1583514278
1973507269
1342850275
1714712608
951921637
26042482
38874723
1888605241
1146952197
1553022434
1477612294
766011098
915888487
2144466843
1400450291
1568486255
133315690
1281179196
24560347
224380924
584117285
1695200660
265587816
2070343383
246596794
685810255
1951823443
1047882525
1516591344
1793549492
1000775256
952621974
1619573114
196141883
519850934
424011103
222184365
558725657
165132696
1369136562
2111748091
1642744991
2135147661
880152930
1639728186
1388114304
301155538
1773043876
521809852
325715885
1997424801
1105927137
2020916545
115528969
1028786872
120029691
801339224
833126668
1167912216
170446920
479192512
21203825
1123068894
2098765626
217345708
1642919828
375293081
439530074
54161837
540425778
1808666636
18426281
35687121
1796330649
898579211
1675415307
1036961306
1199734749
1300975536
1558771158
1525450635
1150916689
517214648
1398883532
1266445658
1546001520
1518913224
2067784883
231644540
539341792
90748155
710837053
560545617
1213817050
662119031
777891326
709253230
1037412113
1217421400
763415068
1577837891
878604388
781841349
1613525012
527451390
1680420560
1141456671
1564412696
732671662
294948559
975700206
110638649
1445865248
1492914854
1509522181
564827259
891432727
880951757
485128494
1123077267
1420293550
575876649
1833914320
1980839167
1789693699
348549704
611246845
351463282
1385961817
1828668245
1114878350
816316060
559788986
1896719699
282357424
1087240376
1429656611
1423814095
504169424
14844625
1718762655
1479869630
125483274
1017144255
825300837
1635005456
1581971514
1716733564
368473565
2067100008
692327183
1788767115
495493010
378757856
1622122635
137703061
727307560
85885832
489166343
2113269377
1914554078
1604044693
782101789
326859416
1353280744
1064459213
1414099792
635453708
340789660
1918269216
650298333
2059552315
1250655198
775781608
929212923
2075956035
263303416
363700789
1645205951
631776981
283317150
190049487
273060449
778810160
568807343
1895183084
916513221
1296114903
1981068916
1405679565
1261900632
1748139346
862240610
2044002421
2074998762
68037707
960977986
1341614906
703491415
1301767646
1112400474
1353789748
1213836314
215572025
2129571356
2143049237
144044412
245391124
359266378
1789250364
877168106
642583528
1979299851
1150228555
1421393688
400623546
897927991
190423262
1696738449
731513259
1596102827
811155433
332168958
310859789
707674206
259684072
378897496
1668652192
1601298979
1082388911
822936190
566215805
288695012
2036772504
781787830
270782720
2032338093
925832243
516173845
244120824
567598959
1393341951
886704352
399415162
396086858
160614393
800038708
1294014849
351037655
349293509
2025528108
1947140482
1160448942
210213418
110516623
1868123148
469897491
489414120
1389291692
2071196470
1571803031
64744234
489928627
1860498043
2101516739
1271716458
2131280764
1986371184
50065053
499970961
83008360
617664012
1893312912
969712713
1017079174
141916122
1130327106
1817117882
1435930971
1481364761
18927743
1313975431
1281021595
1179376685
1524188850
1391538218
900016185
1994086341
1880952338
141824229
1917799163
1305271722
206568463
260244142
1018286117
160601554
1531960600
1002083233
2146972739
1582025653
1502054194
82497451
52206017
1247883458
1052210164
1069285191
1389799580
35053622
738919425
678246903
1516418383
757847168
1992222335
649956330
1937223853
1368927537
2041494549
689756390
1215530230
1774963239
831580619
985845745
932751313
1038149083
1246089887
1951037431
1198750637
630566840
805637016
1198239728
65108845
160207563
1280737180
117314863
1408091021
185463696
1186600054
650406954
220517319
1925519480
1328653857
1736935702
535883000
1173392544
239408385
325623206
394836433
133419286
1015379596
1610366663
1908382525
1846960216
448728760
693650191
737625651
1694818648
497203974
1936376288
177901840
1302840990
987132369
243010685
1463048553
120385901
360325548
723655927
305849597
1546925603
1374062881
526366916
1324961435
555233090
115818971
1860844435
1728625635
355227356
38983993
2123462068
488646642
1054363590
1586345084
249545519
753840158
2035073844
943195710
1491465809
1582408844
1440399684
1280358449
1760310684
595757027
120007170
2003321370
2058805580
240393071
216163270
634977859
546242669
1763088873
2009040740
1072609585
940566660
416790183
1188428556
653927448
2145415818
1543655912
692911441
2121394238
2032302554
1747275031
1560255674
134364426
353631541
1447845871
1077560136
1845097350
882771067
370476173
977972152
495598104
966233200
1097979322
351435826
877555132
1338372394
567599096
1512532992
1884615063
183204322
1374090084
809741000
1123770982
1790880267
1998169557
1777698430
1788812437
1394341821
323126224
1762723028
1279160728
2070401255
1175495054
1413525154
276549149
475857277
343601642
2121646499
1358628345
714077815
952135003
1854226449
1680311015
2050114326
58178627
410382500
1241003072
625777723
1922915492
978134487
808982045
1149521928
1787875487
1932753028
792918548
1638561396
1562967810
434247337
885419570
1886094034
49486717
17096650
1809011642
1224981772
1430621804
2085560791
1700839049
1774223446
2059723642
911983746
340817614
864374998
618726547
2021128629
767005676
676905174
284027481
2008008748
1302682898
59459325
838659587
2111664943
1208981254
479051426
1896934323
2001899802
2117612823
1312418486
288663491
855548745
1051028872
338150209
872645395
712556866
1563131981
155783551
650634009
1116487382
1930006997
562874004
2028471129
123340963
1427249002
499714028
2144469593
46771030
1176619203
281013426
2054779778
331818453
340472752
745955717
295999748
1549454006
1225007143
45450424
1403870160
1195136318
1357868910
1692533651
2050685063
261414134
2030683860
775846810
973971001
1446332193
931630361
1624605010
415335928
714153711
39995366
296323409
837494674
1467244368
796037437
834480619
1514015398
1972656640
1115494046
1421311528
156991445
1455966798
19783597
452991194
857937156
1244790741
498441618
114323668
292443411
1856310528
1806857319
195644827
2117724662
1690057532
971491637
944212015
988906077
1903121999
421333378
1404242005
469792062
461328744
1700565414
1307286736
1928573113
349119204
2141767356
1295104863
174292196
1109777754
568932744
331283642
418260904
588716341
784274836
1276198060
1833507082
1282716454
1390521728
2125950494
991543334
1049895399
174111673
961784348
592469283
1145603310
1905996364
1581375361
901241661
179846094
838133718
1371033723
641174838
391215485
530836812
422264303
740334689
