5000
2005783408
630915564
66493155
1166945634
656625346
2056380688
1232272013
1888810760
811280081
1915961816
992786172
757259829
1025333173
1920417627
104968098
2099440596
261835041
60231064
645831346
1733267813
93161125
1458794695
1970599548
415500430
750888444
1614411619
743514055
1441626588
689790208
1542702020
995759322
548089969
26133937
1062252477
1715035603
682759283
971149517
799823968
424086396
1782429598
568302136
1416872568
392205780
1593635309
1189806547
497173878
1545592257
1451641589
557404942
43939955
1037425754
650566067
1502734650
860541655
1066066497
106139446
327469626
1809580552
1547766034
1017259835
1204798925
396041708
1565349804
1230932862
1458294185
1132901759
1913692145
281960055
1932725727
190294893
2064389653
353544215
1607167462
309111785
1947179524
649490361
806285663
1345288133
2101131950
1363690605
1389228088
991074057
2014256673
744479090
1851615712
932839522
850618536
31601690
594936427
250900922
1048861525
1799735352
646942631
466727681
883184566
2105236816
1599629440
649393063
239713223
1384871519
839687957
156619229
1738415734
299371771
465731014
1538111610
948862132
1272016678
735916095
902510435
488223635
2125144183
1893584492
354996660
722139625
1597716556
1287836183
1572758161
1629318246
1882772610
1823659084
530696124
1535024314
323118067
997423805
270725232
280871235
449569598
920118295
520584459
1834441117
1759806252
677203688
1425373204
2059178023
1142934702
816001166
860556508
267467732
1551917262
1763066943
755691368
1529577797
1509167787
1110688028
104233775
959400695
251040563
1676991936
441235293
2133813173
1353167372
971931417
1521353839
1676285439
1969355223
1792079071
1957156675
271441173
564713719
330257486
2105882290
177036323
1007461174
1383771846
88730699
2912228
52289365
949287207
270379961
1604206627
564870502
1026071329
986300776
2074038289
2136759357
1090534551
885955336
240316273
620042840
1327190629
226645798
1973210212
151638399
1747999638
1502012004
2120993622
1392595061
1311685031
244951147
1957308780
1641942517
203349789
2134345104
501920043
1587121636
75592155
504832271
1639411001
1024879362
775212232
1096133980
1589749864
1801283561
2082434756
1516304505
1790559271
1025485660
254776193
2030875544
1645528500
1581966822
110037694
1471255064
1733605221
1858037332
825783420
1707115195
1103148746
2137468451
1952066342
912973878
1631927320
7932484
899835334
2133847363
1595054120
975427489
491195987
1086981473
2000306851
1266408219
35631805
1442573067
920208133
2118066561
811393924
563283756
996068573
1066170117
446675652
494113425
500653292
556713346
1965368490
86774865
267267031
643668262
1793890061
1370415777
633653066
1598472755
135906007
118096738
1606405239
1035741342
104460454
1053975711
2011168831
595656441
2140957184
1863992035
1862064660
29105341
1159081454
634789145
2147171903
1970475379
1198072901
995756828
889161848
1644748553
1489870254
1389815140
53978252
1307755096
1476590006
321245283
1951423358
1122996419
1691661060
437592776
573985526
1827567067
555689515
32907118
715824761
660149969
1086882829
579509945
1255806410
1080356366
296018332
970387422
1109461707
1455099786
1605176568
1109149962
1278091517
655765821
2104906791
19769718
153030727
1447293397
1409584858
207008979
607564845
738691216
528254262
411504555
1861687635
72431674
849097332
288189514
1899998741
1404786847
321096632
468339855
2064936816
1407979461
1047849800
1173259578
340852179
1343868132
2143647000
1450313887
651484270
1601339920
411980201
1929575788
109622094
369403344
1949345506
262652821
1816696741
1211446716
469661800
276777938
1950137933
997916062
688282494
1664341920
1070347736
1537379826
1952531434
822862829
794683025
126144418
1291202684
712136193
1534123880
191568836
1885395771
1874976059
1535436968
1881559123
1177806298
39437591
1335415396
1589786500
1969013379
1445037490
1959189844
1770875237
1707690311
1628402938
834838305
29868463
1905180876
637492590
1027784525
445979722
154350863
2098132261
1983359548
2106882297
773511442
630558925
85543068
2064714127
1342695118
1619666948
108799315
1080607241
1347159359
1644236284
814682717
377482010
1683673875
2614465
1967268510
1505203606
1447651955
1778974706
1128595195
1007858618
1259893996
1963433500
1037727081
1017591225
453442443
2065511606
1463570947
607793306
2016160219
1299446848
567191955
642188013
1930005773
652735023
559418492
1125217244
124918323
668217808
58340837
1472077683
164970444
873023554
1849559693
1848644319
875638019
1669344555
1206364277
175806326
1300835613
187475824
1183664944
413245962
3425676
73908377
1430837187
456868119
2139419983
746924486
1064661425
2008096554
2046371334
1631853381
502800920
1828893460
137104756
1062219412
806627056
262023080
1730437220
864967893
1734100763
1895407664
1737991448
1436176808
1596568335
466145819
958037715
655448964
641952146
111389680
842924788
1825617090
524635642
846350465
1899525468
1955472829
1303218584
1891461803
554913668
220396362
1752074710
453801354
1852249743
107391982
135211166
1989354499
1169611394
941838222
103893931
752564967
1806806116
1837994694
500488983
1397313916
1126687854
2097057319
1863459735
2084725569
605022635
357928233
48631602
1447947424
36061676
573267244
146814241
1935587144
381256426
1450032825
1679565299
936170094
1670429187
1284156361
1389971448
1375195282
1391548343
1525182615
1217066134
413676090
319537189
1320960065
1166241057
2126343305
1011471112
1666730040
1376173573
2138158966
1616303711
1092149661
2075400888
73842699
1450077894
2124032490
1521790123
1486139570
549816086
1668604364
1274243066
931072512
971153541
806324718
1867242606
494099081
2090481079
1109730407
1869294363
1334545775
487429374
938876849
1748221865
806966563
112353267
766979274
785826221
1123824379
286225666
14516146
1114499697
1902529378
1106665807
1042416937
1976372077
409260054
1018965779
1350678552
1895399624
1568781866
871799268
1022159043
352370730
1842952809
1828483761
72129689
189568242
1771481192
1181860096
2058862606
958543319
1669289470
850255807
559281536
328772385
962609074
1326260810
1114598606
2086433453
1612486477
1129114753
1053449503
1367532207
88296912
2095866440
1196420636
497556966
967348572
399615540
245472943
388646790
1271414808
1267631986
741017520
966883969
948632099
813147209
1156452212
572629643
1995007305
1067831170
1531172963
1516813127
1918086977
2090454499
1845585513
733212404
1269231662
812700471
672162209
734234491
1941815224
1725611712
2101766698
2030112137
1673994505
1150703686
380185455
493859429
1550319226
625658398
882506219
674250386
1893290384
1623523739
1641134355
694438835
289187301
650102919
1267068479
136710958
1717934089
650757794
1653524086
1488537419
593728645
1351625951
74266175
1862960307
16842774
746428384
449711150
1958657999
324556449
403994200
1841286488
1998550954
1554697886
73988295
344926735
957533464
699646694
1227432954
1631783850
445453430
703473045
1125434558
1139892266
992660346
1775537477
259477097
1129371305
1345987919
910234891
635411743
687041690
1503963536
1987037694
761307865
1219440196
2003880468
1507736249
1669151346
1815054819
1832292698
2073145547
1508857659
1683360004
1480359785
1582845955
2028286739
290409602
135009001
1108236045
1922193452
580462431
1811709091
900144362
1720354697
656885789
528198192
1979831794
1786257094
1874186111
742583037
274185189
413744153
99062926
113739235
1175052018
1318503122
2117619704
535304619
840170820
1785190875
220113670
765832719
1146564887
1903473674
98708857
581927194
1784276766
389118459
716936195
745029163
163828263
1297398626
409254606
1063972626
870269676
1066140396
1592170818
702617822
704913842
1318873281
1445200860
979099032
1732617434
1544263786
1092838267
760185804
715283260
1062974323
1295490423
1555454080
700681551
1515604093
173803152
1847246438
1271594120
272512009
281689984
908387238
661630468
998626179
1653416401
825458731
148541157
2062671008
1889431357
1018810833
981327756
1334118527
1721428656
1686241598
505508160
1019145868
517856982
90641946
415926006
1610695250
850827750
1131209266
526185925
2146318174
539179698
1226867476
1514438619
712982850
926630266
638549091
985494859
1208320250
1546936329
1647125327
59462781
1052869083
325100411
208003939
968056443
67048120
1226814772
1949384199
1401166648
800759780
1488142149
1906674808
1819905648
2005999132
1997316755
88348006
1469210734
700660857
1219557272
1995396659
699495383
1758736971
1074780488
66450355
324236173
2001410754
704999446
1309731033
1062247357
104452128
809372712
1121710138
1157321211
1134473123
1329714077
2125377654
1201521244
409045202
1927278205
455204244
1209804982
1267936706
214395404
882226983
1126452190
64228511
970574989
448179276
764889369
42648614
296092288
1464384752
1801385585
1370872776
1530835107
2125621758
1224799882
88350906
1287869143
139563591
192803034
2097241856
1261273730
1350124245
1084231331
443504159
1328018251
138268927
852549361
1107812808
593473171
2062354344
228265866
807868576
797097679
1354718057
872097087
1767672668
1802897333
1636986456
1810321282
2098989621
953887561
1464223219
1322378749
337239020
1442361330
399694984
425589926
582746825
539258575
618392960
532505033
1800532305
1968517205
1616736365
96552817
1149051808
1755005292
949102178
109380968
200994816
863972874
337646835
1008863392
1661070553
1692364892
1880960479
1281259574
1347778577
1370463288
944097208
1299284551
176867201
260836780
474179652
514106221
1703198110
873874636
939696148
138461287
1413133212
1558089108
670966321
1066181869
1379122666
140219038
1162734686
380690826
1895224330
2111836865
490071795
2096219146
828326091
827718630
957598890
341912997
372599874
691075722
1623172571
1720378451
2061539010
419786131
872179354
90922563
680622911
1346359007
605028784
236337373
72749995
1544724932
374798661
1485883207
955330393
1045764982
404581429
186969411
1185984020
1567316115
567660237
933724702
1531669332
1057732032
882460201
212511776
1885450662
1840059091
554424773
110566888
383651165
30113696
1830945340
297706527
449899827
555641046
388629090
1130522739
1902000053
993657875
1366860112
1974750049
390899159
1741658773
1313149608
1346229552
639940107
1717731037
1533198963
1825924127
1137563505
2100859201
612165182
521749189
1011107585
1494625383
734260965
749074600
1187200826
1288685738
859641488
1570851992
1318799434
543103180
1868558519
1768699262
1098744227
109703962
751738353
853260632
1103361837
2118598465
680527033
1494260996
1712773591
1993676642
693006901
205230050
1563924031
78722216
2031154178
554003888
32097769
495835712
1075753078
1043205355
1990461095
1810014043
1792279955
1030178273
951216134
504437795
453546617
122531920
1047540976
174621489
1891231182
2146285203
284325451
495485887
852062187
1387687288
466600705
1532589221
734464636
31890648
1378782215
1427471537
237120698
795222598
1506193754
120791228
1349226487
1538291523
616626940
277495917
434013230
459604387
2087509960
78809537
1489782661
891242446
583247333
1943329278
1013774367
1630788309
2117950767
757521901
1629589864
254792570
1253007789
334168403
1642479858
1719608494
1866757624
229460847
1751499142
1098056191
1656932384
1988619840
1893278790
1015642490
2109411069
1095021629
406450366
578554361
1372517546
840463596
1038158749
1312543858
919273134
380457762
56302657
1502520467
176303392
1070077024
985825128
146770512
1827598925
467931344
401563082
933123066
802099747
2044042941
505247912
521373724
126020140
109263406
1619429915
1782952524
2097883247
1365225057
651111367
2059810668
312763038
1057561733
490881381
1685280584
1898025329
1529040130
850340795
669814815
1909497892
906643452
24851634
2085801285
1976720476
1010676762
85088149
1656835753
1478608106
486651231
442475172
133224206
383210524
947723084
654597930
509230664
1056986491
126544197
144699541
1007386090
1491769255
795810908
919713110
1804532293
1853372641
1410594491
1342329230
1603914322
792150974
45186377
126245490
554165218
951829829
151097124
492482855
781066657
1161773887
577571004
290418762
492898345
1064222236
732893934
626122551
1447432760
1680617019
1280720481
1956663425
590119862
1407264679
2101362966
1597505952
751550286
749690226
369735414
408598931
455579219
1780329905
1750928161
2059493541
424997231
1796114538
38255383
979162450
600460719
189352508
1471645305
1381527376
1351126395
2049216310
1671946139
1844024740
965954898
257356425
322663644
265904010
1937973444
1603384125
75083787
380609658
863165156
28963105
1978115610
1614715442
778653331
200367376
2023314374
1234232550
1980697282
1626758887
1146242444
258210865
1275389778
1184497827
1237373315
1875850497
1373850335
561534973
1109894226
577493082
463267635
634356717
274034175
1429222533
891713142
596697819
1695126543
682202939
52598296
1770210331
1062812597
915763453
1799173436
893444560
382995247
430343120
1093811936
258825973
1664575670
927025570
1885584861
663334466
1185236436
1013490991
1847832294
275126103
741857840
1074198981
836661076
1851752066
1651692064
1299928711
338625135
1925726239
581667596
1230338278
374940410
129310492
1912541217
427538706
1899520823
827870166
1343302159
1551210611
1721314726
1726297407
1981553731
667643015
1985123380
1498645754
1594668585
1723224593
14496572
632421373
589231936
1862328866
907547477
1331089777
789044200
1744208553
1035358195
293252616
896653617
1373983331
71495207
1478321213
456837961
446435617
1607631705
221895530
873974323
1359668880
1049765696
69792835
763395844
623596775
1796090242
597465927
1291239790
1633729974
2096111681
738424727
1209470920
2110608254
1370846101
1798702856
1825453472
130909930
982308985
467014024
1875118483
2017667181
760266640
624288452
1244166864
831761847
2102609666
1701004825
1278197464
1562757723
1922900355
4688140
774942956
825182403
74480975
1538338800
1448779178
1870571217
2135804727
592535320
1356817543
2084432761
1330960048
418804815
2047557367
554322501
70024024
1725527191
685232431
1052333009
45057568
412867266
922516542
805324208
1037155719
19199758
1637086056
992281737
1720204583
767799872
407555812
1495621290
772488012
1182498768
173320046
846968987
573353920
1622099224
570056556
561675000
67150897
1926874100
498624113
1398110945
198195267
398697832
1952433446
268219291
2124225023
490182229
1320552301
21798943
903049495
95585195
827123152
1940205214
114784954
316725560
785003303
1834989537
1084525432
1192559116
1183127180
1857013445
227574236
1356447226
556498784
800928157
831062802
1126555341
1362603157
898213699
905945793
1861227270
148840996
1104141060
112441454
2101274442
1372360352
89182829
443973023
545429005
110981773
1347022519
641014200
938104925
1139744085
755799154
1254830485
1924747389
443305044
191872269
969822857
1626432224
2048885714
1197397093
835395802
457900851
1998325250
1666458604
1584456192
1213444759
417188656
342918337
927188381
566029652
1447059397
1039629835
519820447
671936101
1128812665
963793470
1217365106
1239794438
163332341
1858379307
30415715
1303076427
466694813
1285246200
1080340168
909999857
1477118469
2050163025
388948433
1378520536
1100076470
1224344235
1836421387
950918073
743319192
1273393931
16879184
1160507848
1616312268
944067566
1726537500
915888017
1983697401
98874299
1587824119
965026418
1062667770
657705577
57337208
1226000111
368601236
87752923
381592890
835296050
1372999123
1461933058
1745295907
702633945
1364612435
2134244341
2081154481
317205258
1211104928
1770092220
1268123331
1954424120
896002503
1285002515
967448320
364831123
81586433
546502173
1280719140
2065283835
645376472
721059611
882826605
1708044242
1378765189
940163814
786560706
1747366425
1027916737
1168153596
435178827
253432213
482603007
32991087
956066158
1847215442
19751780
889736991
16937052
1230856708
512345563
1285060383
1037797181
1408348066
422579251
2005245501
1773179189
504165684
404264026
906414681
421965871
1049640499
1627474293
1304792477
610201093
858755834
97472643
1396761799
458638611
1125389380
417431748
893817439
1378821593
900034755
926808526
187404103
599766549
946560306
1077141094
616703602
29933366
1589486657
1901763985
1067730547
850351075
176859588
925492401
476046616
681025273
1329756427
1382461298
1102991144
231913278
862451943
260299973
842114372
1721207777
357772616
91392523
32362740
1483161997
508824271
926180179
714499942
1408859026
1852988705
901904046
2008625576
652065363
1979045140
477845530
681998730
1421048150
232125867
1749729277
123915577
408985456
527738030
599962194
1090010729
1857494458
1982423492
45518225
2089407736
697391787
305818199
784038460
271115916
663590815
875430984
303478656
2146752812
1384255255
1229658836
713769107
645630634
935163893
1615673153
506772562
1587229257
1447234645
984618092
121744339
720799147
1216743959
1871473616
844714725
1625729415
251727999
1444676919
568256496
2109222457
1279616763
613774722
2051146545
1977008550
919592921
687701358
100640818
1583183736
1563132342
404119474
1582452901
799903949
1633778310
148738360
1445534583
421458556
1764411513
1952307145
2008687813
1064162510
789441589
2130432152
1784961658
2006185549
1854422120
482192735
1484431316
2106150119
1926869654
2052687813
2067888928
1059002769
518978887
1971551826
888527671
1438571808
511769536
989168489
874271896
2074901878
1393287963
309241149
727322179
879582626
457979509
25373115
1301041182
74907374
1977680260
1162245347
1139069885
619638202
1145193851
776547895
478340103
852132323
1258740630
1962771419
810798795
1038126636
1867975584
731204075
2097129405
239470823
555272253
838173428
1678042631
1067041789
1827341917
404830880
994460019
1073146232
714072029
1721782199
1952728858
1172051539
1747155314
1106286392
1246958913
1577351926
121048091
238545150
49506480
1266241942
1015093045
527846583
2118374266
126350027
343134355
781689413
1164476663
63626291
1512893488
1114122420
303097115
2068165742
1952295848
1981139746
987723883
1632154117
238486978
1982183903
557816702
952559008
1556482454
363061912
2124610547
1156154120
1469348305
1224085812
586022398
1590396396
1462630963
635528879
709154691
330240360
1163375462
680045309
456590388
1506509817
1461734722
1621067051
1570136109
827144562
587705824
1873233224
747826656
392518024
1706889322
1735550540
2024672142
1945376301
1570250795
435005196
750451661
979249601
798067108
727578560
2135403721
119931765
1951664372
573942471
1710328162
1266811687
1209471350
271999205
1597052048
225363165
952044514
2053642436
1731872982
266295588
1527225839
1154525443
1093440150
2114931663
880275019
1841266807
359966040
439680694
1429333699
237154534
237573347
852100846
672159730
988025008
1831350447
1470226838
1715603568
1819270520
1590158604
1519784292
245729343
1153003118
639112332
1455200694
1425002323
88680732
1680563859
229563189
2142323168
1264953193
495858777
1522065359
271994989
1589298927
1489513375
1152270008
1283082086
1849479415
1591950702
564932137
2086633949
1829524049
1417032983
611310031
670065409
1100899782
2081536869
238185329
772686654
1524211825
1757969622
1018415998
529731295
249598306
326133044
1954733618
338279038
2006696903
36813159
333118558
1124166448
532671936
1855183917
1396161437
2121970864
1197213644
400947798
1257569302
899209411
1992898500
1822501440
838359712
1674938902
1092050775
1449669743
197520663
45466910
1383722965
435705993
818153564
760451142
46191967
1836569562
1290182438
295790273
15218958
1097432408
634069311
2021915861
1134245568
967187869
998598662
1666917504
674888138
247276451
1641404720
1872101783
648224249
751490375
623827546
493639102
426508167
1462187259
21094356
1518558942
764373354
218615019
1564025852
612671
654321012
234695769
761063814
700512979
2071265331
2051246252
996303252
2086484290
1001195012
1630372563
1960916503
2135440580
450076784
812031517
1654874437
1124964923
1059307969
1148795509
849583058
1707532218
1900285884
1473410604
53687672
179310403
788114215
74782028
1697869346
1552487570
293397048
1114411550
1553100241
947718060
1349107319
166680407
1648231040
1272889003
70443011
497050644
1211889645
1071638024
2127423208
1025322500
1059594956
430016344
1837354018
566985745
1554981267
749178339
1715781255
257080677
309226909
1468583491
1730491282
362914582
1647893895
371121849
437696610
1198279593
1923609419
731093658
165207495
1329226013
1678811719
1514314815
1495906420
1179559111
639720170
1566349432
1676609755
1851609815
490503808
1656549315
729448667
1550098764
2086565660
419319037
2117084510
1494063279
1168497376
1685382117
1751143957
1477724286
1006481960
1334151591
1840638868
506892207
1705273440
130851830
1705171800
1481399212
861945489
1870379296
663141577
393273560
1237210463
11564349
1572832671
1876930633
1577913781
1101958778
1581056800
2068417589
611024446
163021819
1471032706
550106458
582340857
1440633568
2044169737
1750838233
978532037
1647830046
1081078871
1985013997
834497989
774234091
344422557
392287782
905085922
2049594357
1873686994
1767031411
1772490005
389344923
12821323
862216820
400909272
1585653994
591663805
1978823054
540129124
25236957
1899756995
1151153570
188258777
1223306053
1701260028
770599634
516455973
1597946118
373954219
1494988010
1098292516
1455033091
1332518360
1932790506
81783534
1676940917
177594640
986869456
1579051626
2051281634
606417219
1204057984
293142909
619238542
2066274804
694052181
57408888
510454962
525391587
597538013
535691919
277664935
1748691583
723950696
1500970988
1302467964
1494550330
2017426962
752930434
1868504550
1364931324
1851222950
1176053993
549966036
1636529808
1257837527
79423305
1814124448
97223336
1658474932
1717922434
703640555
715049268
2011065343
1322879098
633840424
557633877
1380287986
1144295386
1083025464
1977825999
1679987306
1360690399
1579033935
256454354
714177740
734018251
1751004685
584121054
1486948685
1472025587
1949052378
1190687987
500595932
351534767
679734148
1758433459
430958072
346374948
1855656795
2089433004
2064297383
411813703
656998624
1927879078
1734692801
1290839049
338029307
967497139
287650787
1421054772
797839491
1967638093
634261523
229389778
76608800
1348439263
963408029
1827613485
1932560317
302873066
1152155424
1734129048
1493561053
1652751356
2085663815
25811553
1263701167
369138239
372186502
971874315
311087596
289000237
1383688018
968086220
69395667
970897171
111441621
407424975
1938394310
399092409
1828479747
588750153
219246854
315257622
818139931
295855654
1663696886
1781547960
2123469139
1448773555
2084421026
1128140915
1035418955
1430498432
633408623
973599122
1456309985
1897109791
1342737362
1828496487
721500458
1653824958
2117496724
2105188476
474427530
39408744
928601999
585869152
446833719
719512661
984961561
127829818
1308262815
1204208415
443087440
2126402746
1500064070
2106784326
1760467059
1476049561
1408074234
1697404437
456706829
296009541
980419221
1090115452
1269608664
289245559
839741595
464862378
2117742046
1561242053
2118687336
2087755123
1518946881
445631218
2127163867
300065232
1031500370
426513938
1019577894
2016461931
554343756
180357061
1073186699
997431196
159276159
425767121
956731875
1919743218
1901816682
217322461
1469664008
211039863
513332002
302599581
1301155316
1782940666
591845140
2140896911
100319396
562103539
1554655317
71523084
502375014
926118550
517154303
482055233
1226183783
1548654673
908569171
98278029
1417632957
1462912927
278635090
343336008
312860475
437911249
769103129
1269592350
210170820
523436163
1486914811
1679834828
734476027
2000246814
1982434409
2035631343
1635703832
426795902
2029044606
1736023229
988899441
1436216275
1807546313
1491274455
214851178
177216968
1973329688
1441034961
1725871642
734415211
1539312990
996020951
49844490
1817948080
1339356959
362704965
108375681
2108460088
1632297316
318546501
484412603
971728479
1998381329
1218888630
824491645
1833332091
1107036325
312711830
112644345
988597284
2048735059
1101543786
277329911
1708797724
445334593
492181089
1886014693
271180633
1933216050
1464402687
1005595844
1325045392
312939990
1055440334
995509824
1652296949
1418145299
1103885506
1613273389
902958967
1422432007
2097685992
1874687447
1273329689
1169090975
551695444
959178132
128643652
864407274
1071822477
1117240936
765658685
25882615
1394570848
326972762
471217208
1886751937
65503807
742397841
1672484340
1529906494
1747993685
850046084
1842846484
655950371
1845555909
1347659785
2074095670
801957767
813449526
829570990
76906126
763651870
556774789
1350235815
1932742845
1108470233
161930299
2061386498
1972877508
1233752776
1031143786
591052545
1259635391
278230986
918025307
1730852599
17499276
983529114
325766792
1689983616
365951960
2073760477
392546052
61314796
582227200
90618313
1408974581
508839223
892576080
74940459
1338410213
969482207
838592330
1895185002
172234374
623851527
856171587
334164674
537754377
681565447
1567917450
1568898164
1272617993
680069194
1847129150
43159652
263438145
1864628426
1026688767
589204938
1407128394
1392640727
515481767
1799674447
1453955524
1097708968
1890292760
715446457
1606548191
635385193
790386917
797474756
1604867400
1628979247
545176110
1777101774
105347126
1401347697
2111266448
643101504
2082913145
1531700251
64516020
1208047490
64285797
1911645170
1251207142
327723942
1628789949
130412261
916928880
888434695
1523052989
1432410648
540625494
829524865
382635968
283434607
1544971322
1989184159
918819800
187874591
639175267
376203552
1816853838
1184351377
5821678
1922200965
438215426
2117088127
417818821
373644923
1501304730
482334841
1581692413
1565590527
246496363
685415908
1893314469
1875286312
815828169
662759702
616237360
191397510
2095170350
1156862854
1020922375
330322670
1440297461
418410050
172023181
211633613
606284641
811198448
587837165
275654832
1995549825
593658844
50372149
286281603
563263323
468190970
659926527
2064568053
950525811
94135292
1482674932
1197022174
779551200
1228505753
924824839
1595379370
1891265455
1541062199
1786776880
1838952157
550441405
660215608
21791179
1990738867
1078625658
193814360
54888832
1684910299
1005012808
642725998
1960565131
853078985
1236384842
2010937280
1139360589
1799648165
331644602
1799287116
1716732570
1282170413
1893422408
1051923854
331708940
525489961
132945959
1256533779
2120869331
2024211415
650112330
1760162563
1715679924
1200553735
272894523
1737471104
1043808954
1351520181
1931285464
1098697787
888946833
788814625
1741423785
702028316
1641893610
830324979
565481949
633770551
482489496
897126551
285574019
51738418
31813317
31512780
1103662272
363522257
557002741
1236608231
1620056036
530388424
1113335998
122684718
143067339
681532275
1323238453
415961863
271519731
219563760
1767482044
55321547
1318261547
508945229
844136172
912201684
1210973546
338546135
1742526663
1776455495
972316686
77532511
526098398
1257890706
129270929
557911715
1289403486
1232933201
921433972
1846406227
322057784
394006360
229311003
1435393783
516691078
372378342
2116926058
1839929532
788340205
240962141
2059493292
408338602
296283688
1230271191
917283831
1140419861
2142472875
2128257377
1478965996
1737515890
1757229224
303799034
1815048401
135843975
1561689740
1944319330
693755690
703609578
1029768883
1615189663
402532157
1351826667
2009196023
631843160
639736802
378403454
1004221503
609179212
70849338
1792561708
850141353
2130342630
53416662
1146425042
1213130173
970700494
139361255
1208119400
951474223
1618327251
798151642
561219800
1922126285
465716395
697063775
1336332378
262552077
1390819465
2039941956
1292320960
858525480
294990466
496663979
720237856
926833626
1136400782
1098641310
1931055129
1745579994
1169490648
1576133190
448237700
1152349630
1629549852
1594662742
217996155
452766698
1734023997
1426115555
1404240922
1204867600
76783549
1965460722
979510237
542499944
515040849
168358967
805052021
1905860314
60817276
2097372981
616902147
355807742
446553312
1337140003
1282641368
1582954094
288297665
1066212850
1181050441
1457788313
494862392
1629288141
462654295
2124412244
1076467235
680650450
429695295
663007584
2106766005
1833936217
1867875184
36065906
1651913291
699901773
578565850
19470492
868260741
1383617871
1925330806
929078017
1333507204
394749305
1284885759
1780060516
1731889308
420043479
1215530963
2020186973
1486256329
249097756
1330491638
1981118721
1878385897
1793145933
1958047318
807369484
326312735
240258965
1470377068
285595092
2074195182
1190768604
321660998
1578624825
1890670377
900226848
1598095317
611447470
136361071
1375942475
1540525487
1469868275
1770691781
677927598
1102445144
1355097441
1097971078
170492459
1227800767
436743759
419590215
410808757
270378833
150492464
56471043
80942503
957861948
382783778
321201468
280755368
668378871
247913002
1471523972
990039869
1826537827
1214710701
1890266718
1277149496
1826158172
2026627789
505608323
1219200011
1349012417
128816456
1897127610
303973913
1483913898
847615040
474466372
564231017
1284358799
894056587
975039774
1554737632
1044549051
1031510817
1635680135
2002410999
1414294596
1956881603
135682719
2082673467
57310957
1607206691
925229688
1883848784
674433744
668012758
1013514632
353108268
547156900
1519122956
1572308280
1896169317
1647939412
1321952242
52659582
984369662
22083634
527125954
1548600679
1306442433
1421182541
376156806
713696418
318247944
1407667623
201892905
173175295
674478571
11290861
308858014
609668390
68601818
1916064705
1534898079
1952450603
443014801
55427189
818481587
796123070
602584089
190120895
220947702
351269758
1838060308
1542899944
403929340
674946322
1564983578
931055294
76063354
723942363
204754187
452220160
1437638781
523002131
1859887783
1639531687
696177426
386882707
1650822548
1005035440
996551097
1719424366
773616497
383965528
1524391321
1216631299
439392718
195389261
2012754369
1041976807
385510156
86218423
1393246566
76086816
1629118367
1797175906
751033139
1046618297
580747553
827096493
1770560660
785501740
1279316653
1060715794
1308503872
991720788
552763833
2004681298
1378603495
56102733
862233091
227670945
1775527099
1635849588
611636473
1152434773
704997239
1051029191
1347824034
570267960
2093005999
1733334190
656486383
1338768917
1809421007
138121102
988461175
412970498
1184739399
1569208728
1240066991
807816412
207226821
371899996
1868532206
1515730693
1363620784
273812391
1372928343
594740632
329915124
87677786
822411577
2105442223
1723527375
1434048050
1110393348
281040966
337593594
310733734
851308927
283115945
2044067925
1507795310
1621884862
1706005284
1645916413
462862389
2118975782
683172164
2032071118
1211559125
1490988576
91814291
1583459121
1212037134
1607544984
799596257
1485849525
832989679
1394336889
1815764649
920667466
69264818
1773723225
496711193
1503312869
736632925
777752159
1840906463
1047366660
1629061086
2124022408
943950937
989372749
1598423622
502472573
487805514
2061286011
473964707
1170977678
1945873481
1685523832
514482607
2037687772
1121499305
1726519741
1497749108
1921095562
1064885619
183255140
1167948804
733166620
1103922606
1237213622
359406197
1600633799
593042843
1096039123
230902310
286465658
2143405783
1859963397
263004418
939873072
701852498
1861428040
1442345645
1189658012
1775230404
1916310352
213152042
1573620237
1454350536
727634649
1463824362
428366193
306670743
814089822
201978107
1371556362
997344962
1369926911
2104722982
2101267568
459656886
316645532
1554417719
1052699729
1412684655
1785320030
1339165388
1408606790
1497799779
1602169806
200996214
52168629
1316114199
1643341859
1241826641
943860955
1412168563
1454978683
369997544
719035451
35129685
1833821906
1147401644
341800428
500428081
1349379751
1713356790
1497773043
571823015
1670596124
1451556964
1031479901
1987241656
858491035
2084179630
1252442663
496327417
1275861370
513565805
1994127196
730547529
714562019
2046295825
2046661728
210420230
1140638818
843039035
1622588793
448133854
1213036579
194140596
483263539
899374838
1341542240
825063967
1399802919
543438344
390937109
750092314
1115261359
2061533233
54165630
2146741260
1901291242
912656666
2083437242
1006250257
1408984083
1211814965
1519816063
1255627632
1942362494
86894434
1154439809
1841540574
297314665
147594980
537095961
1919903458
595728834
1750132540
2114044055
1078992373
502023730
1308102647
1904056340
1901826649
1851540991
147509801
504435316
819318702
61559386
558600946
818576314
1962850628
1471257612
754529909
821617238
732758048
1966344874
193949653
1988385680
1761223720
280844087
995341841
1455280646
578158752
1142936821
1992376607
350578563
1738665655
1595025499
317138970
670174380
2097049230
1625241617
426747072
1851392231
1329298961
574256873
208343899
1134015
635816260
766944846
819710330
451183240
90718810
1574240239
1272800478
823476858
1393101465
1466750131
664378890
1006841537
1747594219
1659720732
314638535
178269323
655173905
159531494
528847886
246355913
1754556993
845986856
916530293
1704122575
323744826
1343277366
1408031159
1653043787
1917534239
1616375058
1654177802
405866851
235836256
326404484
857050092
326555067
1900644723
2129850570
1150031925
1146262540
1449117054
1814410816
5620429
1049227625
1326647900
320258964
1227496948
1981821805
479790458
1756344835
80694070
86863804
454848043
997224364
1790986379
778592869
193018082
1051533890
284153008
2110552321
520425301
1938330811
368935525
756261557
117251647
1225985617
1082816624
2017896371
1208352539
85364902
1016675263
509985945
1899775718
1022295693
1559213570
1078939970
1342554657
639226871
913278127
1822345116
248088058
993972198
1909208920
702936101
1991196562
1552711651
1481528971
36730996
456761894
1765681979
2147283317
977187195
1556529142
368735194
1733448752
1673780790
1594720811
668781729
1544193513
655589703
754146631
413385128
1165575648
506438701
1435680821
577305571
1585378671
630751831
1216532442
351173150
305613299
1464620500
1345145348
67338571
20072953
1188858262
1620050222
1501601924
1225589258
2076812116
1119800256
1225388928
906515663
528845750
1594124122
492480768
55142892
1041361286
1161262497
1599336405
1696950989
1915409128
2012721534
715042989
274364181
1300918707
1292348560
1859742852
1931670538
361397354
63432354
89800189
1826017854
1408577703
157138760
1846090808
449952317
1777188983
1200209084
1675541576
1706517451
172525692
753446856
465549467
701371443
200087330
958030235
756514335
1241448616
2119292732
208367093
790915957
1887218212
73604979
1505958947
14098745
1374523686
650823859
1873841597
1158710577
1012221214
1937273951
1248510766
690755420
1198368006
1405649527
389362580
1648320324
1035354862
1589571665
1176378252
594388665
1762097357
1929825108
1059938132
315985152
2129912438
2017968367
1072499488
1223877407
1989777451
1280866581
2014793364
1729512015
1354471560
1373268663
1743610760
581511598
2024092523
1469968709
1740222175
888830089
1259759013
841249294
1579585509
310643371
99415173
1968948090
1958963695
1134770035
1411036107
987858299
1729158700
1025649816
770199759
641613185
1341634969
752628550
512097904
266650809
1976505957
354391708
1547517390
1843815673
2083903723
754505302
1069600689
1680030836
1336016900
946209564
1002515897
928755428
1835039653
114791262
1770004722
1267141514
425434634
1869419895
1088605956
236914681
856706282
352158415
1224772981
438381334
1377808232
1994972740
1079994519
571959553
600117642
1592092424
838610362
429139951
1946484132
238644104
125471977
1882904207
993149406
1195072666
1415451395
181682658
2141282230
270483645
1110438086
1828838235
385274907
732959160
948496101
810709541
454895407
2037102058
1047624223
1311601689
241776825
124913556
1749983024
1619585057
2119886296
682493895
44060962
572520291
127102671
882671324
1001660242
2073586803
1121315428
1127132219
1809007363
2114464834
174721237
1076975110
148663845
168519819
1347458755
1259101931
1997358054
1732733663
1992061092
798370508
395959556
299472851
687988918
1443583779
1611074541
929765743
1568497335
1213573917
401867153
1540899984
1896067812
445928115
2113420275
2023170484
1328599440
967596869
1949273639
302431220
2094729089
1610797354
269412407
121966678
540288817
418076252
290486498
1887747572
1677178183
140360904
1472997587
1521755627
938731412
1868957144
1821228479
1626720330
1165057275
1284819372
409002426
586070963
350909641
810869579
2126970947
99493805
1256797694
2092907574
2122664289
437913486
913020795
1924454281
740344707
860266236
1387767987
1009757114
982232915
1928056804
1427833366
1272719413
1668320729
957527901
1413080317
993834668
331799881
204328082
715308164
5544712
1831048412
1880365440
1290364084
92567190
318952755
1641273725
903436769
298440054
1740767530
12750816
243863980
1715948172
450664302
1156884775
1492918805
1191009009
2017151012
733203144
53282475
851900279
513776301
1481115841
2124619692
34613382
291160095
1390216361
1028448050
622959976
1594544443
1743756215
628504688
1278109208
1476638007
1918868772
1370676398
1795590762
1412658849
126629520
2094030816
1005942731
139380336
190411148
574407255
590044638
1347295923
2067326060
1781053648
1216963287
653045557
1834336123
2068863566
1166821858
1167968317
2045999610
1201435240
1459128412
1288732324
82399642
2082088388
735793119
1826155857
563109428
2013902327
1155310216
334494552
1237095078
803417330
1747153401
1363724598
749964498
605612484
1503104934
940375646
1180019740
2093149572
140187922
1099862152
1726719572
1357151209
1752907709
1413572048
1278531128
772245919
434056717
1177047090
1973681159
1893185129
318295766
2056080802
1827789869
1054088886
1734753011
243415649
920507565
742579580
577910201
10118995
1545996910
177579954
1373843593
148477761
783192438
729464879
1088853407
1963212178
675130804
1229041329
915590683
254366728
438708891
521014744
1667938776
1717240019
1293260664
2101995493
746803461
1119458175
1847696974
1065099228
1028055329
1528003195
2119188114
615324693
1771418844
892212031
1357904273
201845397
902331027
756417535
379425351
128690972
904895296
1162617790
858155852
1993748704
978346320
1533286656
1075306385
1893937003
1787653384
1514015276
267468100
1308108513
1083771647
1560728764
1262620358
1830575109
532703291
962833685
748190689
1560758621
343353232
719895155
28599666
2114772077
1612107186
1386503939
169133826
366954565
2142921474
548559178
495645538
900333123
1711176968
1353801390
746598179
542039640
739604398
1821904564
288492996
379774134
1188436193
555961096
1687882647
124724192
2116689860
803019358
1955299301
501909503
1765853043
556006342
2062668124
2109206275
1275901497
2091267790
2076494704
740525036
1330288081
98144883
1107479601
1325725908
646704061
1603125139
78575383
210397381
809442881
825173562
752437021
1549047279
499594478
1040930017
1928821414
1688030671
1596891113
1469220413
1812754864
1566097325
124756123
1620570517
2068006829
1890609166
29093212
1983191305
1852331794
1304994709
1926975448
1781342850
2045519745
1109779881
1879487733
1005515699
288022141
378708146
461157190
366597524
589105527
1270600072
1191771086
1341542549
672163703
1691365565
234988918
453501469
1231912588
1831880032
1922721883
897183804
1250493709
2047478006
370270674
1171016890
1790603525
399363886
1006724548
1495451671
1704358595
786216348
1129310873
1602394693
1895996229
861314959
460426744
36534723
1240023105
921583934
403132247
1829128633
44700358
1594903334
1023187534
716864062
1138785251
1258176452
1170365531
223214191
942572836
945603766
1120397996
45582898
845598125
1490668670
1216599788
488718002
1890032556
75840688
1984169673
1446907503
862057036
965996898
901818548
610569618
1827311857
1362245292
647104341
919851315
136345579
1050236588
601496300
181045937
497656274
1624683834
897909999
1636441525
735376638
2068275531
1859655717
1677949475
866395649
832570065
1723532373
1711993774
175755087
792648513
53228128
2065787643
868489202
2037397801
1365211498
1730546238
855911052
119546399
193632208
535739261
1481791691
840736549
1455590576
1618137270
1890973138
2057086876
1799183208
241145764
1534287062
549609559
1877587290
122180053
470401442
1589759359
1800129528
1336797092
274845776
1376178253
901307218
450600863
21343118
954535347
368904858
889832320
844449500
1734116356
472894911
1700360552
1853662755
666527119
88616166
1187970799
1507263669
1544206742
658624421
1250753159
1453809971
310323981
1491898923
840613385
859933541
1222002565
962793438
1330334983
664278276
615439318
519648427
939124052
1991617571
1420955646
1389724915
2012960690
228007345
1758629773
755309362
1072456845
1345262482
1228204273
625333750
1051441589
1894731393
713949916
91928740
1254511414
110673010
750553162
357780925
1564482981
1060877143
1849679848
257612719
1920810684
924198766
1220406157
1103662020
1588477042
1835845476
1623310447
380117447
1679979399
896782445
1769842362
1545456441
1124789790
1380988488
153282156
49762988
578767322
1381486429
675096738
1630208911
1128734174
1389046654
1722137652
235761940
1499719664
325207166
593542865
916718998
1386084309
295739066
1174331717
1159411346
1219937832
247254226
115589718
660931226
2083099702
1738900165
1041048673
1615595454
488198963
663407388
1013568247
1612988753
2044395876
1166850403
1662751741
475679550
400853185
190364831
2105888461
1529587359
1579411485
1680542465
1765349300
931647502
2005749631
211408517
1848366500
1244350293
507147583
875214569
256277991
1727085415
1122468795
371867709
240532994
1058084850
2110767874
1281581667
526196656
451483189
1944989055
1539764903
2064471943
1841901283
559131659
1579740036
170097185
959984844
1770104868
128501999
342088555
1202032705
1809044464
2107437855
2133680207
1667310448
171362725
1834563059
764177093
678510308
562293980
1020455084
258112076
1684762776
1392322793
498645070
595363978
1355607019
1780226737
1121560634
1807090209
1577732145
513841889
1724078504
1272149780
1072973548
1156334892
1442246966
2032958392
778956112
1570748965
227563300
1980988818
1232309781
187517507
1967185377
752136581
358880232
1654264789
1516313674
1037390541
69075121
389285110
1295502617
1753837897
1781607903
1794147687
201718227
989731275
1426890776
1323278861
649337836
857139273
1837120751
225932692
2129289054
762610651
1382267584
1424052372
648085396
13740049
847317689
875648696
1994728867
2079627470
1063166203
1814430596
684280404
1422046436
1321211737
53110430
311953329
1390286859
442395541
1607455946
996641108
76519796
1254119985
1198359336
1066251071
533527113
374154549
1715588907
1390666387
63791652
1941521599
1372471793
826402304
1176305536
649040517
1474487700
1190045585
1496358206
202652748
1037290804
1428502028
1265818951
704237752
2112782432
540381739
2025449490
18409215
852335068
1268252701
460804756
312307366
117410161
537324552
1566427351
1315769497
1603575624
2099954465
1689924047
1171680883
1343137204
1753715699
965718835
568125349
432634355
2142024371
1217165866
1907122055
1184586308
566040424
2109774803
74393464
1994542452
1228110107
778631216
1959841237
1768491846
656597058
1978250452
473343267
1924849759
291571560
785650633
2042259921
828896112
204594337
1210545770
284988088
157065154
752986169
1456668972
1500202358
359218221
274904159
2068327707
791852576
269444882
1138009925
551490984
1454031190
1704050349
513782139
1528424654
1551109153
1741892246
159572222
1363466742
1362900445
816169281
1194233546
1836243712
593535392
1485805106
474410697
488311665
167217571
679005034
1698857436
452205659
836070188
304359957
1908874631
188788898
663578178
36295142
109632957
1455430755
305740024
1247642882
2006921739
1759771214
804209583
373220230
1140712220
207835089
2115112477
1300284443
1571301831
1330529274
2116453724
618051730
1019289338
562505468
2103856836
1493700035
1050817134
123590759
25221422
602190922
575796419
861291610
906550879
337187402
1050080509
1570129058
373482545
1159713466
878076165
679222569
259872701
737514256
291510136
1064082284
1110734486
1432222356
1271917373
1078363315
585023151
695735557
261408941
553993227
1313787287
1280698279
1116498696
1270160475
626914667
19832182
1393751235
652136089
622023104
1969547654
1513427699
1528573983
159251408
416024560
951219393
532733953
1575738027
1829295558
1211956523
1835610728
419326166
1503466659
752209364
1530060653
788205367
2024126738
460940320
1373228519
572378647
722349262
1927221746
1886165934
2003047541
896236794
1008842761
482478560
916068976
255110348
1134614649
1538092080
77174354
500558701
919182416
236425763
916583261
1870401809
769159716
344837640
1552213720
1981116239
32964720
1971539886
1337099250
785174085
1354116891
2125304618
661817175
1815057212
1351049489
1234195822
389922826
1130787587
972878108
245486719
2027024382
1981720869
727965280
795609710
89347570
1862579929
186218143
166521924
215654982
1105400559
402947687
1132238244
828318720
1172107404
1477075884
233048792
1005739995
1510040605
57105031
195355598
147731042
1411221922
173176568
809548217
1078795486
1524226057
2043744039
1468718312
507529996
869138499
1714205032
387070730
703375720
294686664
1182680441
792723290
9782945
1368898584
959245215
225437928
326815495
1362192902
1357676172
1155134215
386816658
687268408
1388183008
1392556654
49825365
1445288039
1587912252
197556407
709026313
1761088820
1007104624
1787821800
1137831229
903365015
1109056464
1645361225
1772503514
675777848
2032431956
328395587
970464512
1067628749
1121118877
980247458
289043685
2080364092
1205685386
615859180
1295073347
415877910
1770993395
1681890005
1103146318
1011692755
926963011
1152971684
309497146
367391615
1350528091
1018523460
2128480435
210149068
658861612
1118828016
1113514083
1767918076
616705594
738533950
296212277
501653902
1066929537
1266676789
1569282651
40564766
99440599
1858326336
2120928859
1305125985
326701868
1268518558
1721003895
2097695263
802924915
676666566
961904371
1729887927
1829638250
1271401517
2097279542
1032682693
142441329
2078276330
1242831761
801302941
1049620698
208862197
421737370
1666326292
947396147
717949647
20496546
2014325684
1984626436
1589779197
2054890450
2084067036
1300621885
2028335661
1241709373
1627323753
1149370571
815229621
1577535369
1952295487
1491896187
391956092
1534699766
1174050789
1663357609
1484495660
59249834
1805798939
1415288342
1302081596
459618232
317425393
1510943793
881355602
1983751685
310856292
1599305249
2004248232
177698328
1436448038
1446543781
85105130
1373031426
599682019
2113440792
467257151
79522124
1115327715
1282486772
1657057493
920139554
626899311
2049013585
307355672
1800950100
1564887547
1791851333
1860199935
1223202838
1059656027
1014797883
1682821070
1377081420
378258028
416693025
1213349458
689114320
2015998274
1070114042
866812648
1304962664
369174175
951917778
530510442
968856194
917874922
997767594
1048378319
2033202638
132770718
557952164
805858544
759670030
459482102
1113214217
413136482
2024369649
757581902
125852769
1100088839
1817237929
1140650652
635426261
1046835702
1518908680
1052119286
112701512
60539352
920633913
1182815554
927352000
78112929
1551989729
1879269779
608623372
373362276
649661053
1606390966
1421740595
535380043
1739161684
1979692759
1341238588
351348066
291691213
306969157
764484549
168577214
1064551059
890337318
1268666053
734305340
2030987971
1904092315
1781141042
1402413003
808727953
1893842554
1462952356
1729361866
929174460
242820708
1807474796
333680542
2122090487
268614520
707042818
624267893
1875005486
2128783413
1159647936
1466683522
1960992524
353402876
1818031589
105200090
660372033
435032490
273777304
1724923092
1325369808
1542443358
311744785
1208874131
1299052025
2092885827
463803487
2107779978
1839244734
1926755843
1689658197
620935546
22092903
1349649345
954616088
2144183391
1618263865
1661658906
620967636
1345785703
1642958671
1780615572
664985577
1456467548
2134018449
335533518
1561667638
646906834
770566008
1835444942
224346279
2095935817
1230404652
536091064
1157326300
381973029
481493243
1621129787
342269360
173254329
1400401982
2031927557
794189876
1422494886
1234093254
1748805964
1419194629
704873471
1262981223
2040162265
2050659174
758456246
1673294189
568161103
67440146
1659828990
903694622
1629107784
159252177
1674260630
1317069079
383598456
1622712799
399990083
919689520
632555452
781963113
1401182763
106201591
1124232473
1574437093
1506603574
1008676382
221143321
781614812
95285988
1969949285
53325793
800159459
1085446860
2093488058
703334985
1843903107
1619298599
1271496088
1911343253
1131643942
27707062
1392967390
1290896119
1701967693
562552821
1674494575
1177196844
962542904
446700447
1809752296
1744506017
1847883210
1915953888
721254842
1274836655
1275073814
1729931224
1495979976
2056688626
1825217212
1318445614
2110014419
477893023
256408826
2056018829
1181228008
2100311933
1527833780
305240449
1864171539
511994074
332947511
1109655281
1802890193
2034915204
1672208102
1329901120
1064628401
487267358
1776601567
726897049
84289728
1477001130
495367289
805544570
604354137
1770441103
387992147
2100334114
1679646081
65725711
1271296080
1642176852
543618735
1527704906
1550712033
1724846743
1480533192
931062166
2030087192
1197221083
1443056240
215551056
159392716
1098462786
102982612
1831600818
280880258
1167611013
171384528
2057481826
1894508063
255674256
1386999308
242391704
1061218827
1991353445
2012832808
1449210974
1944203911
1544995241
1514936685
1068016343
1039688446
2058555420
448237602
442916831
1635918516
1928770794
1373978997
1518522060
978508229
669551590
1734073116
1137900945
1768014376
1837055729
822018115
2048894634
857183094
993402643
1958892812
604207509
1249076900
1198408472
846599214
162812079
1042278270
711948374
1612023053
838998533
109459967
979476090
1907014877
1149148413
890547863
207768831
1592065245
378982731
2136539625
818560594
1897504791
967564206
1488112184
1484094260
2105465151
1108642912
1173666341
779999618
1010053899
2030849435
1773402261
821463063
487573297
874995513
2019871536
1334172511
1037807592
914666158
2046120885
502346997
1753664691
8097204
1481823088
1513195920
1157245618
224887303
1720964751
601827215
603870034
1710020728
1420387809
353891177
530101286
761016346
1837985437
488082789
1869659258
864168130
1268082407
732229509
747533918
894001021
1553692573
1235107215
1768996534
1426080461
421796078
659320479
193262971
320433315
1161667476
1946927662
328530519
496006916
1312639935
1485776137
720894219
886121038
2087603352
1324764253
448658119
1360507514
1678655431
978759405
2121523860
1369157220
1466842195
1843699470
85841703
587440954
428445332
833375621
1481441975
1982137905
2068482836
1102954862
1260734718
342795266
1762275341
1453997689
663228581
776459169
1253441703
991759100
1272466086
418597990
330051590
1993360305
1304719029
270171294
1170640911
1753377148
1630678808
701812694
584652905
1604719020
2070969914
2051495100
1300934843
9327969
491452407
1729380175
842703590
1972894382
1564034432
763702778
928365596
677285502
1106498044
543157289
2131283191
1769726625
1319616459
1237241246
614002078
444598897
1655839237
944053668
290475554
813074618
1214224962
1461116465
418968118
697420123
15445511
1003621023
154655495
2086415426
907632476
1455590338
2095743395
1399084883
1037486865
790963338
1224495617
454037649
1554666116
5377566
1131323151
513680513
548534855
1115122694
135923490
1868151314
204880293
749925568
165266563
1860719530
1693979236
455742118
526310500
760720551
1916858583
945278618
1458140674
1932304095
1948899641
1612796169
1871235873
709048469
920902860
1819495620
2108133352
1958389725
462975310
1185145322
264943727
2017641427
1190522888
1396266878
383838292
1739057743
363905925
519761782
1459725410
568786218
1269687351
1624991973
282022100
816182939
2080734091
808332600
1576903490
1850109027
1753611218
887560516
1634929474
1555027211
352873038
1358681699
116592033
1273775898
1030693671
77241737
1084681975
1493668982
1262387059
1349625702
1363826761
305426299
598408933
1747665053
2044484043
962314858
119943187
1356725805
1531101076
1389630538
834234130
1813123176
58329830
767484574
473972128
1635233320
470109953
80099698
375310189
2105039427
1635126909
728183227
1316237478
1751718942
2001959125
199447501
1828960680
939157452
1693116483
943864091
141299507
909459596
1249290391
739708440
509641001
1146290786
1702023298
629584189
355532943
1085640726
2019214727
1189767073
751280254
2077544557
1957251647
1225252382
1565294230
279877952
1305352080
1940604419
237433731
792995341
521303998
1553671209
397230636
375779475
1753118711
78707668
1314936927
1298751546
1022571759
1456236434
60727495
124378502
48461226
570368496
1270669288
1750484524
1199952685
1626202231
688641602
1071683765
668485657
1439921856
1001744674
478253656
517690590
419555256
758131609
1823042670
212676027
995565340
468554364
733980025
401752902
865785000
1109759500
7387965
944492668
277212780
1306139511
1967064427
1733449214
1366867006
2091442930
1781910441
1937235503
1214628570
1384911317
989704540
693347154
2073552920
2061388305
1361832811
1365991128
915649332
1840086467
1883681719
1335204588
450734428
1559240741
1547880616
1446299769
2027795105
134376993
1848052671
746096457
1244136494
1855440636
1690589125
1521349274
1014096499
1510169905
1107314840
233479858
1454129187
741741633
23231713
521274109
2126652951
1012936253
1214621263
2052722223
926840911
428970426
1271229703
1842490243
121573246
1007427774
1030211183
572307674
419184868
430608151
2018607443
299496325
564985145
1719176466
1045592783
1809121639
1427133454
